 1.00000000e+00 4.74097502e-02 8.73554682e-02 4.27093011e-02 -1.50451419e-01 -1.14712836e-01 1.95532513e-03 -1.86972219e-01 3.73293301e-02 -2.16407226e-01 1.78794864e-01 4.01537366e-02 1.72663219e-01 1.10610229e-02 -2.09107201e-01 -5.05100177e-02 -1.06370683e-01 -2.00354779e-02 -7.13136831e-02 2.02337832e-01 3.96033462e-01 1.23920537e-01 -8.90075113e-02 4.97721511e-04 -1.22673294e-01 -1.73034669e-01 7.22487543e-02 1.74383919e-01 -3.32961883e-03 -1.30711940e-01 8.33165909e-02 -1.56086520e-01 -1.31445163e-01 2.10708357e-01 2.29988518e-01 -1.79645651e-01 1.44944760e-01 1.02816063e-01 -2.04245957e-01 -2.01679252e-01 -2.23475930e-02 3.55316659e-02 -1.74821043e-01 1.16985230e-01 -5.63490541e-03 -1.52568000e-01 6.50421421e-02 -2.50099476e-02 1.81025967e-01 -4.07799656e-02 -1.53396447e-02 -1.70132029e-02 1.39779642e-01 -2.01130469e-01 2.50068332e-01 -1.66048199e-01 1.57998077e-01 1.24544446e-01 9.02597906e-02 2.05666173e-02 -2.06433421e-01 -7.93601391e-02 -1.62806818e-02 -1.41402392e-01 1.20337926e-01 -1.04768916e-01 1.48045431e-01 -1.50897857e-01 5.73716799e-02 3.74524562e-01 4.23193415e-02 4.97457234e-01 -8.32091418e-02 7.55979138e-02 5.88898430e-02 -8.71664170e-02 -1.80462634e-01 -1.73235049e-02 -1.69662850e-01 -5.28898469e-03 -1.64035547e-01 1.59392555e-01 9.80537699e-02 2.14642591e-01 -9.22844341e-02 -2.37093207e-01 -6.81572420e-02 -1.34394339e-01 -3.25129388e-02 -1.12776712e-01 2.95604544e-01 1.16786048e-01 1.01178412e-01 -4.30333049e-02 3.37483416e-02 -1.68391453e-01 -1.23810899e-01 9.30372055e-02 1.56189224e-01 -9.72146526e-02 -1.48115402e-01 -5.14703813e-03 -1.44286672e-01 -1.28492762e-01 2.55925894e-01 2.55470323e-02 -1.29340225e-01 1.58183442e-01 -1.64493152e-02 -2.36925182e-01 -1.99702845e-01 -1.86931682e-01 5.43101111e-02 -1.87426962e-01 1.23441283e-01 4.16271772e-02 -1.63225192e-01 5.01088263e-02 -2.50633159e-02 -1.71111788e-02 -2.85622113e-02 -6.47286867e-02 3.48457635e-02 1.37868820e-01 -1.94686359e-01 2.23196650e-01 -1.87783630e-01 1.60871145e-01 -4.09213842e-02 4.29112601e-02 5.69766346e-03 -2.29611783e-01 -9.72922456e-02 8.32932292e-02 -9.32943517e-02 -6.14568644e-02 -2.38888744e-01 1.98706813e-01 -1.60643544e-01 1.10237422e-01 1.28032376e-01 -1.53576912e-01
 4.74097502e-02 1.00000000e+00 1.11322674e-02 -3.13034876e-02 3.83028088e-01 -3.20319702e-03 4.65365582e-03 2.47920239e-01 -2.44392503e-02 2.23128973e-01 2.48241607e-02 -7.47788249e-02 -5.15334448e-02 1.48089279e-02 4.35639605e-02 3.33716305e-02 -5.06362519e-03 1.99961545e-01 -7.31015144e-02 -3.87959848e-02 1.38469215e-01 2.89096510e-02 -1.61088715e-01 6.68806030e-02 -2.66548419e-02 7.52358349e-04 -8.35648681e-02 -6.98607810e-02 1.03108305e-01 2.35742281e-01 -1.13518046e-02 -9.41293703e-02 -1.35730170e-01 -9.90881128e-02 -1.60755052e-02 -6.17511611e-02 1.36755812e-01 6.81265440e-03 1.82105472e-01 -6.74952462e-02 4.63709711e-02 -9.54494439e-02 -1.95330252e-02 -8.25245343e-02 1.77078464e-02 -1.78214647e-01 4.44232663e-02 -6.37491043e-02 -8.10795654e-02 -1.38815982e-01 -1.40621141e-01 -5.52735670e-02 -4.51528366e-02 -1.09578909e-01 -3.97062793e-02 -6.53831275e-02 -2.05661099e-02 -9.95831935e-03 -6.90880005e-02 -1.98226603e-02 7.16441053e-02 -1.09887324e-02 -1.03040283e-01 -7.93451079e-03 -4.95096523e-02 -4.47199613e-02 -1.57267529e-01 2.78169404e-02 -1.06632250e-01 4.06969303e-02 -1.20421182e-01 4.95452025e-02 5.79335294e-01 6.92045081e-04 -4.51713198e-02 3.18214141e-01 3.48975495e-02 -7.93132098e-02 1.61969533e-01 -2.37622887e-02 2.37851242e-01 3.98330737e-02 -6.12084954e-02 -3.81008503e-02 1.98414466e-02 5.09407675e-02 1.00805512e-02 -6.72655660e-02 1.86263235e-01 -1.43130425e-01 3.68982570e-02 3.41226238e-02 2.78612239e-02 -1.40953652e-01 1.28256440e-01 9.16369003e-02 4.22935970e-02 -3.82378890e-02 -1.26966344e-01 9.68791019e-02 1.66295017e-01 2.42587454e-02 -1.27209500e-01 -2.93537162e-02 -9.93170763e-02 -7.22143008e-02 -1.39849910e-02 1.91954307e-03 1.23302078e-01 3.06916960e-01 -6.34308196e-02 -3.47784320e-02 1.18639425e-01 9.50301616e-02 -1.34892151e-01 4.75583834e-02 -5.27140030e-02 -1.85765921e-02 -1.31787335e-01 1.47249448e-01 -1.51911837e-01 -9.43657111e-02 -8.67570510e-03 -6.78369649e-02 6.51582407e-03 -7.57275518e-02 -8.26961287e-02 4.63381159e-02 -3.90572054e-02 1.93829473e-02 8.88980365e-03 9.99214991e-02 -7.25102388e-03 2.96090894e-02 1.17452184e-01 1.68514009e-01 -1.69536629e-01 -7.95114526e-02 6.01522427e-02 -1.11243887e-01 2.85251571e-01 -1.84140851e-02
 8.73554682e-02 1.11322674e-02 1.00000000e+00 -7.56204361e-03 -9.51267407e-03 -9.99716454e-02 3.64100311e-01 -7.78862432e-02 -1.50116713e-01 9.22437636e-02 1.92758643e-01 -1.23052739e-01 1.96822945e-01 -1.28110637e-01 -5.37525881e-02 -6.16815511e-02 -7.17391767e-02 1.58134062e-01 6.06851395e-02 1.03998738e-01 3.41018760e-01 -1.09881404e-01 -2.70795718e-03 4.13657594e-01 -8.66328931e-02 -1.01792064e-01 9.94888362e-02 3.40773513e-01 -3.91498707e-03 -4.45373402e-02 1.12978610e-01 -1.35892478e-01 -1.67144698e-01 1.79024116e-02 -8.12495910e-02 -2.24829977e-01 2.21745718e-01 -1.97745697e-02 -2.20601004e-01 -1.75357732e-01 -9.31759495e-02 -1.36186255e-01 -2.58028026e-01 -1.08359149e-01 2.33713365e-01 -2.06915501e-01 5.51071525e-02 -1.19166614e-01 1.32894625e-01 4.35710791e-02 -4.85289617e-02 1.29725554e-01 1.59913295e-01 -1.13267617e-01 4.15394045e-02 -7.05171697e-02 -1.16661614e-01 1.65356668e-02 -1.96306593e-01 1.25477829e-01 -4.52574184e-02 6.79473817e-03 2.09381393e-02 1.03646649e-01 8.69931052e-02 -1.42856588e-01 -1.11488347e-01 -2.21545782e-01 -1.83616058e-01 1.75155368e-01 5.51987325e-02 3.53349254e-02 -1.07281873e-01 8.08602220e-01 2.71781320e-02 -1.68016868e-02 -1.57168333e-01 3.28767478e-01 -1.01927608e-01 -1.57388886e-01 -7.72700552e-02 1.58400600e-01 -1.22528122e-01 2.35249347e-01 -1.50685283e-01 -5.10743977e-02 -7.60065586e-02 -2.62280488e-01 1.47005274e-01 9.35621667e-03 1.78082349e-01 2.32553437e-02 -2.64531088e-02 -1.82159554e-02 5.56375430e-01 -1.78019936e-01 4.87276845e-02 1.17497513e-01 2.99452329e-01 -6.23419535e-02 -1.29500410e-01 5.88556202e-02 -1.25701203e-01 -1.96193087e-01 4.44675295e-02 -2.32404216e-01 -1.94646369e-01 1.66512137e-01 -8.23112491e-02 -1.78085455e-01 -1.73661531e-01 -2.06252537e-01 -4.72769802e-02 -1.92973967e-01 -1.72888537e-01 2.03551472e-01 -1.61260127e-01 1.65308165e-03 -1.27777457e-01 -1.79384872e-01 2.49452901e-02 -1.52199619e-01 4.90042157e-02 2.06652989e-01 -1.69746346e-01 8.59890531e-03 -1.26178360e-01 -1.09751360e-01 -3.67972682e-02 -1.84110256e-01 1.31095792e-01 -1.17025302e-01 -1.85448556e-01 9.63617167e-02 2.43420202e-01 -1.66242189e-01 -2.51618198e-01 -9.59885939e-02 -2.32389089e-01 -1.56940874e-01 -7.49590527e-03 -2.19866165e-01
 4.27093011e-02 -3.13034876e-02 -7.56204361e-03 1.00000000e+00 -6.75083045e-02 -5.77577863e-02 -2.33955411e-02 -1.43990615e-01 1.98531349e-02 -1.65377102e-01 -1.41434522e-01 1.13266088e-01 2.50632821e-02 -7.55520359e-02 -2.16517032e-02 -8.30436915e-02 -5.85884927e-02 -7.81372014e-02 -1.84303775e-02 -2.06951437e-03 5.79810200e-02 -3.34583804e-02 4.04315088e-02 -9.51431464e-03 2.30482669e-02 -1.08470838e-01 1.21040585e-02 -1.27991194e-02 -1.52784549e-01 -5.40580978e-02 -3.52974453e-03 -4.97017870e-02 -7.26762820e-02 6.34632091e-02 -7.01519525e-03 -1.23416879e-01 4.74815444e-02 -9.73617454e-03 -1.57913145e-01 -1.56541492e-01 7.40580096e-02 9.19204311e-04 6.58306825e-02 -4.05271265e-02 -3.04494674e-02 -1.60190508e-01 8.27705873e-02 -4.46895977e-02 2.82185901e-02 1.37050449e-01 1.06829009e-01 1.43469460e-01 2.67860156e-02 -9.78547621e-02 1.73679554e-01 -4.62698607e-02 8.05771871e-02 1.39962822e-01 9.86510471e-02 6.28304130e-03 7.44766989e-02 3.21075074e-02 -4.23002682e-02 -1.91686037e-02 8.82859067e-02 4.39025662e-02 7.13885613e-02 -1.11577109e-01 -3.21202506e-02 3.82460494e-02 -3.19970842e-02 9.74029762e-02 -2.36839518e-02 2.72058859e-02 8.20379722e-01 -3.46364526e-03 -1.16877389e-01 5.68713756e-02 -1.29311543e-01 -2.98433618e-02 -1.21058727e-01 -1.26736380e-01 1.89861242e-03 3.81907366e-02 -4.46147564e-02 -5.96292224e-02 -9.51774849e-02 -9.85268620e-02 -6.45017035e-02 3.78781792e-02 3.43644388e-02 -1.55733915e-02 -1.55754980e-02 6.60835307e-02 1.35750596e-02 -9.64192910e-02 -7.77968005e-02 1.11107961e-02 1.94955643e-02 -1.13446005e-01 -2.84883143e-02 3.62093861e-03 -2.13315724e-02 -6.79313559e-02 1.82462461e-02 4.56057462e-03 -9.89795520e-02 1.48177958e-01 -4.71324014e-02 -1.81987272e-01 -1.54843308e-01 -4.16335070e-02 -1.29878000e-02 -3.08350123e-02 -4.66317417e-03 -1.78876767e-02 -1.97414851e-01 9.88255436e-03 -7.97897965e-02 -6.32054423e-02 1.40798348e-01 1.34495704e-01 1.09988329e-01 1.88514613e-02 -1.21064391e-01 1.36105897e-01 -4.11356168e-02 7.71038979e-02 8.46868343e-02 1.35446531e-01 -2.28434880e-02 -7.25594858e-02 -6.98442482e-02 -6.72267376e-02 -2.71369813e-02 -3.63833863e-02 4.10372595e-02 7.08842788e-02 -1.19196255e-01 -6.01012862e-02 4.52206132e-02 -3.38568998e-02
 -1.50451419e-01 3.83028088e-01 -9.51267407e-03 -6.75083045e-02 1.00000000e+00 -4.89022950e-02 -9.64951145e-02 3.28673516e-01 -1.31373942e-01 4.63384071e-01 -7.71928586e-02 -1.62653104e-01 -5.73534916e-02 -8.56268337e-02 1.99524487e-01 -3.61959618e-03 4.53814740e-02 7.06461561e-02 1.55983169e-02 -1.50341190e-01 -8.99171885e-02 -1.06696088e-01 -5.44029151e-02 -8.40841712e-02 2.49470538e-02 1.86959487e-01 -1.67019544e-01 -1.75979247e-01 4.88357300e-02 3.04818106e-01 -4.90681923e-02 -3.69160826e-02 -5.52224969e-02 -1.23081830e-01 -5.40165333e-02 4.14100636e-02 8.66537081e-02 5.60891463e-02 2.28559086e-01 6.99225139e-02 -1.37164285e-02 2.10863903e-04 1.71244275e-02 -1.46106871e-01 5.50879466e-02 -7.09454950e-02 -7.79792140e-02 5.09818781e-02 -8.79282312e-02 -8.16187305e-02 -6.20516810e-02 -4.35958205e-02 -1.39381546e-01 -2.50772185e-03 -1.31149175e-01 -3.70288866e-02 -4.34919639e-02 -3.31208072e-02 -5.46391702e-02 -1.27103238e-01 1.53370682e-01 -4.52059579e-02 -1.35421932e-01 1.36844783e-01 -1.41349482e-01 7.49612391e-02 -6.72560637e-02 9.35363970e-02 -1.26373393e-02 -1.13400880e-01 -7.79631222e-02 -1.28627710e-01 3.26338398e-01 5.77544800e-03 -8.10980212e-02 6.58504193e-01 5.89676531e-02 -1.72735164e-01 3.13047143e-01 -1.23107302e-01 2.80852961e-01 -5.20399597e-02 -1.91807805e-01 -2.87411890e-02 -5.10850604e-02 2.11877257e-01 -2.18815177e-02 -2.04695504e-02 5.91172293e-02 -2.66375952e-02 -1.23162721e-01 -7.22701415e-02 -1.13490534e-01 -3.19117155e-02 -8.69608154e-02 8.55216831e-02 5.85159636e-02 -1.68292352e-01 -2.00020319e-01 8.81609324e-02 1.79311779e-01 3.10793652e-03 -2.47732167e-02 1.06605973e-02 -1.82396625e-01 3.86547784e-03 9.06139545e-03 -1.23184271e-01 2.75178425e-01 2.98799080e-01 7.51054724e-02 -2.47617982e-02 2.29368510e-01 8.80958014e-02 -1.31819624e-01 -6.53703479e-02 1.98301530e-02 -5.40388121e-02 2.04834292e-02 1.67819767e-01 -1.26142422e-01 4.97712527e-02 1.80319651e-02 -1.65538399e-01 1.01588899e-01 -1.37852751e-01 -4.69734765e-02 1.06094478e-02 -2.68449647e-02 9.94004994e-02 -1.02861489e-01 1.79109892e-01 -5.31304489e-02 -1.03501759e-01 2.42405346e-01 1.52740038e-01 -2.43528011e-02 2.22325667e-02 1.23059521e-01 -2.42811268e-02 8.98115239e-02 8.09654877e-02
 -1.14712836e-01 -3.20319702e-03 -9.99716454e-02 -5.77577863e-02 -4.89022950e-02 1.00000000e+00 -5.06537796e-02 6.89469799e-02 1.99987715e-01 -5.18044532e-03 -7.59555058e-02 6.89847169e-02 -1.46296314e-01 1.31517866e-01 7.16680930e-02 9.17548977e-02 3.00882988e-02 -5.02113348e-03 -4.92763819e-02 -8.06709562e-02 -1.36786241e-01 1.99514759e-02 -6.01928641e-02 -5.38441585e-02 3.07688313e-02 5.50071745e-02 -4.04733988e-03 -1.91306277e-01 1.18207005e-01 2.41159847e-02 -1.67585321e-02 2.20077072e-03 1.84741183e-02 -1.62418861e-01 -1.96161028e-02 2.14438639e-01 -6.47861353e-02 -6.56237551e-02 6.09170636e-02 1.38946710e-01 6.62881344e-02 7.55948188e-04 -6.00867278e-03 -3.49881303e-03 -1.03589211e-01 9.62302587e-02 -6.53996009e-02 2.25542495e-02 -1.48258756e-01 -1.17386435e-01 -8.64804704e-02 -1.04634100e-01 -1.03178799e-01 9.70993801e-02 -1.36848893e-01 4.69162053e-02 -1.34284848e-01 -1.42640194e-01 -6.13183510e-02 -2.00106492e-02 8.48664146e-03 -2.60648879e-03 -2.25731020e-02 -6.53459723e-02 -7.98619742e-02 4.93752609e-02 -9.70331989e-02 8.18902012e-02 2.42233815e-02 -1.32603205e-01 8.35188644e-02 -1.39750059e-01 5.90310997e-03 -1.03075116e-01 -8.25657490e-02 -4.32849855e-02 5.33678027e-01 -1.34701755e-01 4.69823936e-02 2.20017779e-01 4.75749534e-02 -6.24391567e-02 1.10747175e-01 -1.44123931e-01 1.57768441e-01 6.24344542e-02 7.50487397e-02 1.05974970e-01 -2.95501227e-02 -9.00559863e-02 -6.15403075e-02 -9.80232678e-02 3.49217946e-02 -6.08224410e-02 -5.54789053e-02 7.74338800e-02 5.03172870e-02 8.15889366e-03 -1.59642303e-01 1.97925133e-01 -8.93795085e-04 2.73217424e-03 1.04083167e-02 1.02886641e-01 -1.72037637e-01 2.26067498e-02 1.85177266e-01 -4.80714658e-02 -4.93292571e-02 2.15688699e-02 1.43552103e-01 5.88562992e-02 -7.27429660e-02 7.80737056e-02 2.38299563e-02 -8.46769469e-02 4.17796508e-04 -1.03572304e-01 1.89703806e-03 -4.57383690e-02 -1.38392740e-01 -1.12700639e-01 -6.88086046e-02 -1.18584335e-01 8.60150539e-02 -1.38616172e-01 8.40137151e-02 -6.41025634e-02 -1.52990422e-01 -6.80804149e-02 -4.12338275e-02 3.91611556e-03 1.75921485e-02 2.10683648e-02 -4.83187795e-03 4.95678391e-02 2.99034558e-02 -9.36547213e-02 1.64221925e-01 1.35146115e-02 6.61060776e-03 3.39111851e-02
 1.95532513e-03 4.65365582e-03 3.64100311e-01 -2.33955411e-02 -9.64951145e-02 -5.06537796e-02 1.00000000e+00 -1.18552757e-01 -7.03542431e-02 2.47467356e-03 1.91087260e-01 -4.81065293e-02 2.18998857e-01 -9.36623915e-02 -1.01760482e-01 -5.82344767e-02 -3.84544982e-02 5.58769789e-02 -7.17702709e-02 5.49071251e-02 1.35779587e-01 -9.63043565e-02 -5.77480009e-02 9.08644423e-01 -4.95819362e-02 -5.79653374e-02 4.17149285e-02 2.54553344e-01 -5.01967860e-02 -3.44593436e-02 -2.66176640e-02 -1.65793294e-01 8.06993387e-03 -4.78402710e-02 -1.06400054e-01 -1.74640150e-01 2.71934762e-01 -1.39453940e-01 -1.59876556e-01 -1.27369998e-01 -1.07625605e-01 -9.92987760e-02 -1.87149467e-01 -1.33621383e-01 2.50190056e-01 -1.28155961e-01 3.66549251e-02 -7.53828932e-02 -2.03165238e-02 4.06086701e-02 -2.43357093e-02 1.59773885e-01 1.11783158e-01 -9.78568476e-02 -2.76896410e-02 -1.04671019e-01 -1.95195278e-02 -1.40967689e-01 -1.56252166e-01 1.51997519e-01 -1.05973530e-01 4.35033179e-02 -1.18334577e-02 7.17659336e-02 1.64624996e-01 -8.66782901e-02 -9.60248068e-02 -1.61521320e-01 -1.66807453e-01 1.65054734e-02 -6.06136707e-02 -3.81899504e-02 -8.04353115e-02 2.84641274e-01 -4.78075477e-02 -1.43999124e-01 -9.85688328e-02 6.01378789e-01 -1.24516814e-01 -4.19546081e-02 -1.06194424e-01 1.10516371e-01 -2.46865500e-02 2.13919014e-01 -9.36125582e-02 -1.02210066e-01 -6.77165254e-02 -1.07917343e-01 6.60228482e-02 -1.19042266e-01 5.15552805e-02 -2.27296517e-02 -5.36834522e-02 -1.15098183e-01 6.16958408e-01 -1.08547635e-01 4.51736138e-02 8.16383067e-02 4.90404210e-01 -9.60254982e-02 -9.57307104e-02 -6.40956145e-03 -1.45927069e-01 -3.84950956e-03 7.55531020e-02 -1.69067610e-01 -1.64173880e-01 1.93155571e-01 -1.88759244e-01 -1.50422433e-01 -1.26189874e-01 -1.80736598e-01 -6.96313755e-02 -1.83112904e-01 -1.68256787e-01 1.87904813e-01 -1.85663945e-01 -4.47019337e-02 -1.30738401e-01 -1.31755895e-01 6.38696523e-02 -1.45249475e-01 -9.82040644e-03 2.46211394e-01 -1.44609243e-01 -4.83551427e-02 -1.58377271e-01 -1.07574124e-01 -9.08623720e-02 -1.86510620e-01 1.17339910e-01 -1.65540457e-01 -9.95022780e-02 -7.26160347e-03 1.55705547e-01 -4.35077338e-02 -1.50699898e-01 -1.09595478e-01 -1.69349450e-01 -1.89083151e-01 -9.28047261e-02 -1.60171481e-01
 -1.86972219e-01 2.47920239e-01 -7.78862432e-02 -1.43990615e-01 3.28673516e-01 6.89469799e-02 -1.18552757e-01 1.00000000e+00 6.39124408e-02 3.96249993e-01 -3.64145892e-02 -2.96785153e-03 -5.40992661e-02 1.17306882e-01 8.99391268e-02 8.14512555e-03 -5.01034903e-03 1.01273277e-01 8.97083586e-02 -1.79583782e-01 -1.66118726e-01 -9.84834603e-02 -5.22251733e-02 -7.76721876e-02 7.26831454e-02 1.11515092e-01 -1.15550763e-01 -2.45662401e-01 1.52652755e-01 1.74330204e-01 -4.81446550e-02 6.58137876e-02 -3.09037722e-02 -1.68572267e-01 -1.11605342e-01 4.73564139e-02 -3.26751744e-02 6.30115677e-02 1.54133782e-01 1.27370210e-01 5.02133418e-02 -7.22018379e-02 -1.60893001e-02 -4.52199223e-02 5.92283638e-02 -5.19993032e-02 -7.38519211e-02 2.54512382e-02 -1.23685501e-01 -1.48158762e-01 -9.00202136e-02 -1.45662666e-01 -2.18261228e-01 1.62076005e-01 -1.89963316e-01 3.15846679e-02 -1.32520240e-01 -9.13618622e-02 -1.06316413e-01 -3.24111808e-02 2.52112631e-01 2.56967115e-02 -5.57224547e-02 1.83587382e-01 -1.42188253e-01 1.19409688e-02 -1.73009297e-01 1.28481149e-01 -5.95401937e-02 -2.14322469e-01 1.67417357e-02 -1.70776993e-01 1.82889851e-01 -6.28166129e-02 -1.59426274e-01 2.07872200e-01 1.07887808e-01 -1.86445066e-01 7.08547889e-01 5.87014901e-02 1.75327226e-01 -3.10690212e-02 3.70491715e-02 -4.47913465e-02 1.83891066e-01 1.17876237e-01 -8.34332970e-03 1.07280387e-01 6.80648550e-02 3.05921750e-02 -1.60420916e-01 -9.28769862e-02 -8.39664029e-02 -8.78877215e-02 -8.19234256e-02 9.48040412e-02 1.10272404e-01 -9.92260190e-02 -2.46844610e-01 1.33693247e-01 4.29275039e-02 -4.21624422e-02 -9.10233455e-03 5.32278533e-02 -2.36302286e-01 -5.54489147e-02 1.86871239e-02 -1.11199282e-01 1.11055323e-01 2.27082175e-01 1.32770889e-01 7.25772403e-02 1.73389779e-03 9.61003323e-02 -2.87079843e-02 -1.20311602e-01 4.74607703e-02 -8.95869653e-02 2.93842708e-02 1.82084877e-02 -1.75866968e-01 -2.81405418e-02 -1.16787126e-01 -2.29643324e-01 1.59075665e-01 -1.92051038e-01 -1.16743667e-02 -6.45913645e-02 -1.35764258e-01 -7.66004197e-02 -2.77047414e-02 1.74153036e-01 3.90101178e-02 6.75032728e-02 2.65088107e-01 8.94286691e-02 -6.73346857e-03 -6.08012818e-02 1.27338923e-01 -2.65486327e-02 -2.86697409e-03 1.07892485e-02
 3.73293301e-02 -2.44392503e-02 -1.50116713e-01 1.98531349e-02 -1.31373942e-01 1.99987715e-01 -7.03542431e-02 6.39124408e-02 1.00000000e+00 -1.14521508e-01 9.77174403e-02 1.72748469e-01 -1.29643840e-01 1.67810535e-01 -8.37969667e-02 3.92897865e-02 2.41588502e-03 -2.41862157e-02 -8.33720111e-02 -9.15887248e-02 -1.10063387e-01 -9.71761111e-03 -9.77462739e-02 -7.45690388e-02 4.46739639e-03 2.62151539e-02 -3.61149693e-03 -1.44315529e-01 8.78063748e-02 -4.37801721e-02 -3.45933775e-02 3.56606434e-03 -5.91689568e-02 -5.77787654e-02 6.27903427e-02 1.26687123e-01 -1.49937447e-01 7.75820383e-02 3.97670681e-03 2.33333183e-02 2.01021243e-02 -7.04471401e-02 3.59369280e-02 -1.78538464e-02 -1.04900573e-01 1.34904570e-01 -3.78664686e-02 -3.63791173e-02 -6.34051064e-02 -1.34264199e-01 -4.46227352e-02 -1.19571015e-01 -8.62836821e-02 4.84308737e-02 -6.56300309e-02 -3.05371914e-03 -1.03497721e-01 -4.53220166e-02 -8.48325255e-02 1.34107285e-01 -8.13220870e-02 -1.69197597e-02 2.12081843e-02 -4.45312067e-02 -6.55312440e-02 2.18273976e-01 -1.72977204e-01 7.25040677e-02 2.91696587e-02 -1.04836350e-01 3.58372792e-02 -2.70812560e-02 -4.41621325e-02 -1.17421642e-01 -5.83062746e-02 -1.18829043e-01 2.06268902e-01 -7.30403378e-02 9.13714843e-02 6.11861169e-01 -7.32242826e-02 1.15996397e-01 2.36582612e-01 -1.38603955e-01 1.28217943e-01 -6.58741450e-02 2.35014706e-02 -1.25367280e-02 -3.26285833e-02 -6.86207868e-02 -1.09332193e-01 -1.14698855e-02 6.05073340e-03 -1.15935884e-01 -8.13827772e-02 -6.04921311e-03 4.28232912e-03 -3.42458837e-02 -1.35863226e-01 1.57444212e-01 -6.73160146e-02 -2.93257953e-02 2.78842512e-02 -1.13215786e-02 -3.39870503e-02 7.16973970e-02 1.11193721e-01 -1.02314581e-01 3.20111303e-02 4.28676116e-03 2.68113940e-02 6.89620292e-02 -1.73734221e-01 -8.87832019e-04 -4.95235035e-02 -7.97923255e-02 1.21835586e-01 7.33040064e-02 -3.81201817e-02 -2.52895667e-02 -9.24168166e-02 -7.25179442e-02 -7.81209577e-02 -9.39892861e-02 3.39004703e-02 -7.22137922e-02 6.86348949e-02 -1.27229710e-01 -8.47020371e-02 -9.62030503e-02 1.67096325e-01 -3.73073008e-02 4.12610210e-02 6.58259249e-02 -7.23772222e-02 3.00227116e-02 1.56330325e-01 -8.54468108e-02 9.45780064e-02 -1.61274483e-02 -5.10606114e-02 4.06181618e-02
 -2.16407226e-01 2.23128973e-01 9.22437636e-02 -1.65377102e-01 4.63384071e-01 -5.18044532e-03 2.47467356e-03 3.96249993e-01 -1.14521508e-01 1.00000000e+00 -9.66649984e-02 -2.18971677e-01 -3.33615607e-02 -5.89833313e-02 2.47501453e-01 -3.17349911e-02 6.97743460e-02 1.94021641e-01 -1.02963793e-02 -1.25966463e-01 -1.50545701e-01 -7.90659523e-02 -2.44851775e-02 6.37647369e-02 4.55329325e-02 1.76112650e-01 -1.30910526e-01 -1.64021161e-01 2.25391307e-02 2.29578773e-01 -1.15726365e-01 4.08089679e-02 8.44100587e-02 -1.00364013e-01 -7.07006481e-02 -6.31153061e-02 -2.44270907e-02 3.00771657e-02 7.27235699e-02 2.14943251e-01 -1.11492449e-01 -7.41434393e-02 -1.18704585e-01 -1.98873073e-01 1.52764366e-02 -1.05632658e-01 -1.26904889e-01 7.19914329e-02 -1.10208194e-01 -8.10178606e-02 -7.82887232e-02 -9.57522812e-02 -1.44243745e-01 8.87916421e-02 -3.22722483e-01 2.31461033e-02 -2.43209192e-02 -4.99276359e-02 -1.89124033e-01 -8.77477373e-02 2.51536274e-01 3.30372221e-02 -2.18355040e-01 3.56737326e-01 -1.49588994e-01 1.69206877e-01 -3.71025660e-02 9.60793028e-02 -5.18471860e-02 -1.78021450e-01 -1.68786876e-01 -2.27505960e-01 3.22076151e-01 7.98931321e-02 -1.84743366e-01 4.55787009e-01 1.14118683e-01 -8.04487442e-02 4.63234963e-01 -1.07561481e-01 3.91049039e-01 -6.84893614e-02 -1.74502914e-01 1.08422690e-03 1.65936883e-02 2.62392160e-01 -5.13537707e-02 3.52327367e-02 2.41652177e-01 -3.91894535e-02 -9.02597774e-02 -9.33230824e-02 -8.49271832e-02 -2.03942618e-02 1.23443542e-01 1.23912985e-01 1.02844474e-01 -1.09281371e-01 -2.00029786e-01 6.49191246e-02 1.95349330e-01 -5.69122335e-02 -5.89786042e-02 1.36737989e-01 -1.77697535e-01 -1.08964024e-01 -9.54854351e-02 -2.40431531e-01 1.72955897e-01 2.64966470e-01 2.22710961e-01 -6.35091012e-02 2.27001786e-01 5.42380725e-02 -1.35618634e-01 1.86445725e-02 3.85828933e-02 -4.56071414e-02 1.67167043e-02 6.19815677e-02 -1.11187418e-01 -3.84692011e-02 -1.55614084e-01 -1.54896334e-01 2.09122637e-01 -3.21959462e-01 -1.06473138e-01 4.11867567e-02 -7.45282287e-03 -1.02652681e-01 -5.96284567e-02 2.62640032e-01 -1.03598093e-02 -1.29364756e-01 5.07606119e-01 2.51484654e-01 1.66297873e-02 4.74868861e-02 9.26040182e-02 -6.16188169e-02 1.82355814e-01 4.74613513e-02
 1.78794864e-01 2.48241607e-02 1.92758643e-01 -1.41434522e-01 -7.71928586e-02 -7.59555058e-02 1.91087260e-01 -3.64145892e-02 9.77174403e-02 -9.66649984e-02 1.00000000e+00 1.05412124e-01 1.07020573e-01 1.00382314e-01 -1.24102262e-01 5.86771533e-02 -6.70958533e-02 1.93132930e-02 -5.81962198e-02 2.15294575e-03 1.55976154e-01 -8.11722561e-02 -1.66857806e-01 2.13140229e-01 -1.14003309e-01 -1.05754204e-02 -9.80810869e-02 8.85844579e-02 2.58308066e-02 -5.45141155e-03 -3.50278716e-02 -8.89344903e-02 -1.49190070e-01 4.34383947e-02 1.55294372e-02 -6.68570222e-03 1.27725805e-01 4.95205796e-02 -6.59784837e-02 -1.04668362e-01 8.20036562e-03 -1.83058018e-01 -1.14573961e-01 -1.13366026e-01 7.67042856e-02 7.16462529e-02 1.75928987e-01 -1.05612322e-01 -8.77835851e-03 -1.29511354e-01 -1.77135591e-01 6.38274828e-02 -6.24920976e-03 -1.51047934e-02 2.92482879e-02 -1.26451086e-01 -1.61342958e-01 -2.03664400e-02 -1.55338259e-01 1.92333238e-01 -1.99151673e-01 -6.45903873e-02 -5.96551813e-03 -7.79144362e-02 1.51063660e-01 -2.07125194e-02 -2.01061391e-01 5.60648492e-03 -1.23003879e-01 3.95349832e-02 2.41734631e-02 6.88381474e-02 1.29343324e-02 1.42783232e-01 -1.36907901e-01 -7.40710459e-02 -1.01364798e-01 1.70702280e-01 2.33034071e-02 9.02132771e-02 -4.73776371e-02 8.40522620e-01 1.60568457e-01 1.22623764e-01 -1.65284783e-02 -1.43486531e-01 4.08160044e-02 -1.08208321e-01 3.14225510e-02 -5.33832871e-02 3.53439170e-02 9.80979209e-02 -2.92078215e-02 -1.73448017e-01 3.20857234e-01 -2.93136282e-02 2.11898114e-02 -8.30203220e-02 1.08968187e-01 -1.69413152e-03 -4.50641010e-02 2.50981017e-02 -1.44004367e-01 -1.03541061e-01 3.27251176e-02 -6.23455028e-02 2.45522310e-02 8.45867583e-02 5.57576990e-02 -3.99923983e-02 -1.02653499e-01 -8.89394873e-02 -1.65043241e-01 -7.24744247e-02 -1.68986656e-01 4.09596293e-02 3.61193121e-02 4.67899138e-02 -8.36707555e-02 3.13413736e-02 -1.54659606e-01 -1.55935346e-01 1.83636342e-03 3.49565619e-02 -3.22977458e-02 1.72065694e-02 -4.95364308e-02 -1.63151162e-01 -6.39979284e-02 -1.42366564e-01 1.66657107e-01 -1.30646274e-01 -1.63010982e-02 1.16943572e-01 -3.90244574e-02 4.97646067e-03 -1.07866439e-01 -1.11741988e-01 -5.02603271e-02 -1.21304335e-01 -8.36311675e-02 -4.97016837e-02
 4.01537366e-02 -7.47788249e-02 -1.23052739e-01 1.13266088e-01 -1.62653104e-01 6.89847169e-02 -4.81065293e-02 -2.96785153e-03 1.72748469e-01 -2.18971677e-01 1.05412124e-01 1.00000000e+00 -1.26462484e-01 2.30738675e-01 -3.63605756e-02 -1.27511462e-03 2.05169682e-02 -4.76528441e-02 2.91430856e-02 3.89475419e-02 -6.95723748e-02 -1.06232514e-02 -4.19856683e-02 -5.14038061e-02 1.25979470e-01 -1.33781477e-02 1.20592731e-02 -4.27603859e-02 9.47001111e-02 -2.04714349e-01 3.36141097e-02 3.54029053e-02 -1.98422339e-02 7.58015178e-02 -5.05269851e-03 3.49617445e-02 -2.47851372e-02 1.74816549e-01 -3.21955040e-02 -1.56684291e-01 2.37883231e-01 -9.18123163e-02 6.10052936e-02 -5.15183585e-02 -2.64692318e-02 -3.05152163e-02 1.15142358e-01 -1.21332348e-01 -8.76934852e-02 -1.04626610e-01 -6.28687293e-02 -1.98737112e-02 -2.54853186e-02 -5.22919847e-02 1.25241822e-01 -4.08914517e-02 -1.11958841e-01 -1.25093320e-01 -4.21059443e-02 5.27410800e-02 -1.02119086e-01 6.24658222e-02 1.33406575e-01 3.18618313e-02 -1.57611379e-02 1.95543470e-02 -3.04783503e-01 -4.83573902e-02 -4.72721261e-02 1.13386263e-02 1.71194418e-01 4.20008807e-02 -1.04933399e-01 -1.07836495e-01 1.09415164e-01 -1.79375664e-01 -4.64939996e-02 1.54533560e-01 -1.81395898e-02 1.31412410e-01 -1.91437134e-01 1.06811768e-01 7.79318386e-01 -1.21281626e-01 2.17093102e-01 -9.00328852e-02 -1.60560664e-02 3.52963896e-02 -7.80697397e-02 -3.76620760e-02 -7.51481874e-02 3.06472616e-02 4.46298927e-02 -1.25322770e-01 -4.73437507e-02 -5.90415026e-02 -1.02224883e-02 -6.92702450e-02 -9.59490318e-02 9.24798690e-02 -1.70611461e-01 7.72423181e-02 9.41714840e-02 -5.96631570e-02 1.25880304e-01 -6.56713112e-02 2.27480705e-02 1.08864776e-01 3.44368438e-02 -9.10108688e-02 -1.55356249e-01 5.59061089e-02 -2.66616197e-01 -7.59731265e-02 -3.67415550e-02 2.95956129e-03 -1.12124195e-01 7.90424752e-02 -1.60131613e-01 -1.37949808e-01 -4.28999449e-02 4.23205298e-02 8.36653165e-02 -1.16568011e-01 -8.35970841e-02 1.39512831e-01 -4.58956524e-03 -2.57225172e-01 -4.31276926e-02 -8.33321768e-02 7.27147955e-02 -1.80874235e-01 1.07993331e-01 9.26185119e-02 -4.15679620e-02 -1.24887036e-01 9.42177928e-02 -2.27881472e-01 -7.98132878e-02 -5.30098229e-02 -1.86721038e-01 -4.67665720e-03
 1.72663219e-01 -5.15334448e-02 1.96822945e-01 2.50632821e-02 -5.73534916e-02 -1.46296314e-01 2.18998857e-01 -5.40992661e-02 -1.29643840e-01 -3.33615607e-02 1.07020573e-01 -1.26462484e-01 1.00000000e+00 -1.16243508e-01 -8.18841462e-02 -7.86654311e-02 -1.97992699e-01 -6.55019781e-02 -8.01836990e-02 1.04882608e-01 3.39063040e-01 -3.12731329e-02 -4.10350323e-02 2.51939397e-01 -1.59828776e-01 -1.73111543e-01 -2.31047784e-02 2.77107636e-01 -1.72443563e-02 -1.60112319e-01 9.33309855e-02 -9.44797718e-02 -2.79650391e-01 -1.58515800e-02 -7.13779262e-02 -1.32496812e-01 3.91171974e-01 -1.36561877e-02 -1.53417208e-01 -4.04848768e-02 -5.20619456e-02 5.93484374e-02 -1.97804405e-01 1.49019927e-01 9.13206062e-02 -1.54260691e-01 5.45021652e-02 2.93604101e-02 -4.85268472e-02 -1.02581951e-01 -4.56639142e-02 2.47581036e-01 6.95995488e-02 -1.35946622e-01 3.11140596e-01 -4.90025347e-02 -1.24831131e-01 -7.15664739e-02 -6.18040421e-04 6.22229696e-02 -8.08698088e-03 -6.16041968e-02 6.37093303e-03 4.59111355e-02 2.19078408e-01 -1.70282675e-01 1.85338358e-01 -1.74816097e-01 -1.76123594e-01 1.63030482e-01 2.48916166e-02 8.34011201e-02 -1.68221620e-01 1.23316495e-01 3.47734632e-02 -9.51307780e-02 -2.19816930e-01 1.68929273e-01 -1.02775258e-01 -1.09448559e-01 -1.91837251e-01 1.99934451e-02 -1.32989085e-01 8.78018597e-01 -1.37107777e-01 -5.08490301e-02 -6.41365067e-02 -2.83046237e-01 -5.53737643e-02 -1.28597050e-01 2.12532027e-01 -1.43144540e-03 -3.40034052e-02 -1.25790683e-02 2.03458921e-01 -2.31209591e-01 -3.86806326e-02 2.89966110e-02 3.23391068e-01 -1.06875222e-01 -2.30512007e-01 -1.86591817e-02 -4.78448149e-02 -2.72326164e-01 1.20127580e-01 -2.00742209e-01 -6.69044340e-02 3.91700513e-01 -8.82517737e-02 -1.82625117e-01 -3.82157628e-02 -1.28281292e-01 -3.27873112e-02 -1.75142276e-01 7.36995684e-02 9.76461827e-03 -5.87649600e-02 -2.70564117e-02 2.10213043e-02 -2.60787354e-01 -8.79340770e-02 -1.55417576e-01 1.44719363e-01 1.56193019e-01 -1.96889284e-01 2.99789136e-01 -1.65211841e-01 -1.74478829e-01 -1.05187634e-01 -1.45020117e-01 1.55274463e-02 -8.13057693e-02 -1.46349114e-01 -4.07197512e-03 4.88214079e-02 -2.70383741e-01 -1.59702955e-01 -2.95774899e-02 -2.89579541e-01 -1.23686954e-01 -1.39917262e-01 -2.12482600e-01
 1.10610229e-02 1.48089279e-02 -1.28110637e-01 -7.55520359e-02 -8.56268337e-02 1.31517866e-01 -9.36623915e-02 1.17306882e-01 1.67810535e-01 -5.89833313e-02 1.00382314e-01 2.30738675e-01 -1.16243508e-01 1.00000000e+00 1.27605397e-02 8.15422459e-02 3.33509965e-02 5.30451806e-02 -3.45743378e-02 -1.43510508e-01 -1.00905689e-01 -3.39479693e-02 -1.25624082e-01 -6.98822642e-02 5.16112500e-02 -3.98563233e-02 -4.05395207e-02 -1.76056478e-01 1.42565760e-01 -7.23571384e-02 1.07936591e-02 3.08317377e-02 -3.94889692e-03 -6.71467583e-02 4.42159350e-02 1.03172557e-01 -1.24265567e-01 7.82364977e-02 8.96260322e-02 -1.25754870e-02 1.24937935e-01 -6.47316877e-02 9.90563647e-02 -3.98366619e-02 -7.37425801e-02 9.14070794e-02 -4.63622350e-02 -2.94659769e-02 -7.37174728e-02 -1.48354821e-01 -1.53875705e-01 -1.05356822e-01 -1.48400548e-01 1.24061614e-02 -2.64439338e-02 -5.67097814e-02 -1.19036404e-01 -8.12858783e-02 -4.65969219e-02 4.82482715e-02 6.40058568e-02 -6.74640379e-03 -3.01506069e-02 -5.25244123e-02 -8.82046373e-02 5.64682667e-02 -1.90975148e-01 1.71558789e-01 -7.22073337e-02 -9.51291493e-02 1.82441130e-01 -8.34272027e-02 1.10912493e-03 -1.31847637e-01 -8.73542962e-02 -3.38123044e-02 8.23513699e-02 -1.40961843e-01 1.12101524e-01 1.26923806e-01 -3.04141015e-03 1.19544493e-01 3.06998533e-01 -1.10644515e-01 5.83565468e-01 -2.02014509e-02 6.25144586e-02 7.71226813e-02 2.25435563e-02 -9.73204322e-02 -1.23842572e-01 -4.00694489e-02 -3.70806409e-02 -1.63349168e-01 -7.31537002e-02 6.41678992e-02 -4.37040334e-02 -4.14781322e-02 -1.87864011e-01 1.63849212e-01 -1.03812427e-01 -3.67842018e-02 5.73592560e-02 7.52172627e-02 -9.45027928e-02 7.02962155e-02 7.41306054e-02 1.95127815e-03 4.78497300e-02 4.53101295e-02 -2.60204269e-02 2.52624484e-01 -1.33689148e-01 9.12929685e-02 -4.13411313e-02 -9.09957643e-02 6.17069833e-02 -1.19014355e-02 -4.52933863e-02 1.98668464e-02 -1.74543787e-01 -1.03880619e-01 -8.88991754e-02 -1.35252793e-01 2.95716206e-02 -3.57146742e-02 6.67814662e-03 -5.61205231e-02 -1.22292624e-01 -6.82113466e-02 5.28166847e-02 6.97174238e-02 8.05372685e-02 8.61986681e-02 -2.82759538e-02 5.45716108e-02 1.44309346e-01 -1.20931833e-01 1.46046424e-01 -4.01260320e-02 3.37650833e-02 1.33143049e-01
 -2.09107201e-01 4.35639605e-02 -5.37525881e-02 -2.16517032e-02 1.99524487e-01 7.16680930e-02 -1.01760482e-01 8.99391268e-02 -8.37969667e-02 2.47501453e-01 -1.24102262e-01 -3.63605756e-02 -8.18841462e-02 1.27605397e-02 1.00000000e+00 3.27327293e-01 7.65882192e-02 5.89803271e-02 -3.71149359e-02 -2.41901571e-01 -1.90012756e-01 -5.62039503e-02 -1.19271272e-01 -5.98109493e-02 -5.60183267e-02 1.61032715e-01 -1.13621056e-01 -2.44597585e-01 1.57603728e-03 -1.39465509e-02 -1.03561122e-01 -5.17961564e-02 -3.29990179e-03 -1.47960687e-01 -8.94835709e-02 1.92646658e-01 -1.56301273e-02 -1.29323923e-02 5.92154829e-02 1.13020911e-01 1.03650380e-01 -8.70745219e-02 6.06280965e-02 -2.00296681e-01 -1.27302788e-01 7.31091112e-02 -4.97907876e-02 8.74452793e-02 -1.21302415e-01 -1.32191948e-01 -7.22907682e-02 -6.98883132e-02 -2.16878815e-01 9.02393133e-02 -1.88490580e-01 7.47670290e-02 -7.08456406e-02 -8.77069200e-02 -5.01845585e-02 -1.30244142e-01 1.01563855e-01 1.09841661e-02 -1.85812453e-01 3.05331567e-02 -1.10810834e-01 6.27329799e-02 -6.12861971e-02 1.33621197e-01 -1.37934469e-02 -2.11564410e-01 1.59497815e-03 -2.45714976e-01 1.57873225e-01 -3.92034655e-02 -3.19787059e-02 2.41281485e-01 1.32804207e-01 -1.69345854e-01 1.44644187e-01 -7.87333455e-02 3.03436308e-01 -1.08052063e-01 -4.39871614e-02 -8.92650396e-02 5.97527998e-02 9.18916704e-01 2.94156171e-01 1.12143112e-01 7.21280546e-02 -6.57197188e-02 -2.28262011e-01 -1.36908485e-01 -6.04854014e-02 -1.04064580e-01 -5.68824188e-02 9.98621109e-02 1.45630508e-01 -9.71833080e-02 -2.46371121e-01 3.24481448e-02 7.39625128e-02 -3.93808653e-02 -2.39332231e-02 1.09073323e-01 -2.20846998e-01 5.20021989e-02 9.68215350e-02 -2.53978237e-02 1.56209354e-01 1.54644407e-01 1.18255107e-01 1.96703380e-01 6.95010503e-02 1.55314356e-01 -1.54623162e-01 -1.37560937e-01 8.59044151e-02 6.54753531e-03 1.59054372e-02 1.13229803e-01 -1.28077935e-01 1.89241028e-02 -5.97862908e-02 -2.12377190e-01 2.42666956e-01 -1.90729043e-01 4.22756580e-02 7.03249625e-02 -7.97369587e-02 1.66075132e-02 -5.87979167e-02 2.04778531e-01 1.97626176e-02 -1.40973972e-01 1.09955106e-01 2.32242037e-01 -3.63650942e-03 -3.28110880e-02 2.17449139e-01 -4.41595255e-03 3.84279974e-02 1.73030758e-01
 -5.05100177e-02 3.33716305e-02 -6.16815511e-02 -8.30436915e-02 -3.61959618e-03 9.17548977e-02 -5.82344767e-02 8.14512555e-03 3.92897865e-02 -3.17349911e-02 5.86771533e-02 -1.27511462e-03 -7.86654311e-02 8.15422459e-02 3.27327293e-01 1.00000000e+00 -1.86181814e-02 6.46627966e-02 -1.35256824e-01 -9.21760577e-02 -6.77643733e-02 -1.10462958e-01 -1.94485860e-01 -3.62594975e-02 -1.06855200e-01 1.88928236e-02 -9.23917895e-02 -1.12704134e-01 9.35432835e-02 4.67176982e-03 2.44947818e-02 -4.26951416e-02 -8.15572902e-02 -1.20068460e-01 -9.46750542e-03 1.15644731e-01 2.25499995e-02 -2.75888202e-02 7.81818055e-02 -1.15577114e-02 2.81468956e-02 -2.99985800e-02 -1.15005890e-02 -9.17369943e-02 -7.79155363e-02 1.12955804e-01 6.12012656e-02 1.17166986e-01 -9.87685655e-02 -1.54370513e-01 -1.22878933e-01 -2.11893570e-02 -1.01219408e-01 -3.53641975e-02 -3.80519176e-02 4.51191303e-03 -5.87365440e-02 -2.78594781e-02 -8.48893171e-02 6.87559163e-02 -1.18187754e-01 -6.30476433e-02 -3.55987224e-02 -6.06574738e-02 -6.58582596e-02 3.00351835e-02 -1.97781322e-01 1.05657898e-01 2.20014272e-02 -1.88324814e-02 2.17818083e-01 -1.15137876e-02 5.00281336e-02 -3.27981542e-02 -7.73371984e-02 -3.04902585e-02 1.05413235e-01 -4.76368949e-02 -4.25075619e-03 -1.62765319e-03 -3.53638922e-03 7.23738500e-02 4.82770130e-02 -1.10123044e-01 1.22049165e-02 3.42981991e-01 8.62700667e-01 -1.88007055e-02 1.91481387e-02 -1.50097508e-01 -9.06134406e-02 5.86432594e-02 -1.00099914e-01 -1.88482457e-01 -2.92792521e-02 -5.89425290e-02 6.43987518e-02 -1.21430852e-01 -1.43179270e-01 1.09471570e-01 -6.39581505e-03 -1.69685243e-02 -3.43636083e-02 -5.87856445e-02 -1.07179509e-01 -2.23895445e-02 6.47003175e-02 -9.98387158e-03 4.14560575e-02 5.99661681e-02 -8.71839388e-03 1.15423769e-02 -3.17751970e-02 -7.91356269e-03 -1.25392989e-01 -4.92420703e-02 -3.14922021e-03 4.09317220e-03 5.07920035e-02 1.66032197e-02 -1.16360778e-01 -1.27128905e-01 -5.02314250e-03 -1.19289375e-01 4.22430405e-03 -4.54634533e-02 8.79503711e-02 -1.02582240e-01 -6.57187982e-02 -4.24394772e-02 7.28487592e-02 -4.19060598e-02 7.01038601e-02 -8.63222389e-04 -7.36306938e-02 4.69762447e-02 7.73126262e-02 -1.06942191e-01 1.72973557e-01 1.07733147e-02 -2.88379567e-02 1.58573409e-01
 -1.06370683e-01 -5.06362519e-03 -7.17391767e-02 -5.85884927e-02 4.53814740e-02 3.00882988e-02 -3.84544982e-02 -5.01034903e-03 2.41588502e-03 6.97743460e-02 -6.70958533e-02 2.05169682e-02 -1.97992699e-01 3.33509965e-02 7.65882192e-02 -1.86181814e-02 1.00000000e+00 -7.43538181e-03 -6.70047103e-02 -4.53093107e-02 -2.39217297e-01 1.25743857e-01 -4.71894457e-02 -5.72897415e-02 4.10236372e-02 5.96510519e-03 4.64180714e-02 -1.53456327e-01 4.43059071e-03 7.46823293e-02 -1.00405363e-01 -1.47090585e-02 2.64396820e-01 -5.08487125e-02 7.17096577e-02 3.65310507e-02 -1.02821394e-01 -4.95748809e-02 6.19642765e-02 -2.82455748e-02 8.90503932e-02 1.02368812e-01 -8.79876060e-03 -2.26638193e-02 -1.08870659e-01 3.39245387e-02 -6.77154075e-02 -1.44658324e-02 -3.49595720e-02 7.54807147e-02 4.10930252e-02 -8.23374341e-02 -1.09531722e-02 5.49477396e-02 -2.56368395e-01 8.65884358e-03 2.04997990e-02 -5.58775156e-02 4.24575929e-02 3.91129004e-02 5.72883137e-02 1.35499073e-02 -1.18144703e-01 -3.65588446e-02 -6.33832558e-02 -4.37192332e-03 6.96198224e-02 1.37297034e-01 -3.19494226e-02 -1.52748519e-01 -1.03779974e-01 -1.11890114e-01 1.00037817e-01 -7.75279331e-02 -7.04497300e-02 2.36472396e-02 1.35506810e-01 -1.18950338e-01 2.06088911e-02 1.48180634e-03 1.24309604e-01 -6.49772533e-02 1.41650998e-03 -1.95077539e-01 8.41316759e-02 8.37446015e-02 -3.37788688e-02 1.42370976e-01 5.80229414e-03 -8.24548265e-02 -1.35851871e-02 -1.33042564e-01 1.29630941e-01 9.26238980e-03 -5.34493363e-02 1.32193319e-01 -6.06140542e-02 2.80004238e-02 -1.33112616e-01 1.44406044e-02 1.04215917e-01 -9.55687499e-02 6.58442720e-02 2.92265530e-01 -5.60464041e-02 3.92558337e-03 -6.84920371e-03 -1.07381930e-01 7.66151590e-02 1.06177438e-01 -4.30967816e-02 5.88933412e-02 7.24662236e-02 -3.71305289e-03 -4.95977851e-03 -7.61225868e-02 1.23542382e-01 -2.81288608e-02 -3.01698683e-02 1.17336718e-01 7.58244620e-02 2.37477975e-04 -7.51766060e-02 1.89304745e-03 8.93521040e-02 -2.38330210e-01 6.17538894e-02 1.07406849e-01 -2.29091061e-02 1.98856962e-02 4.40527008e-02 5.54154820e-02 -2.29341183e-02 -6.64225760e-02 -7.08736767e-03 1.34234525e-01 -6.34918902e-04 -4.56876949e-03 1.36371163e-01 -2.08177113e-02 7.92297788e-03 7.13287979e-02
 -2.00354779e-02 1.99961545e-01 1.58134062e-01 -7.81372014e-02 7.06461561e-02 -5.02113348e-03 5.58769789e-02 1.01273277e-01 -2.41862157e-02 1.94021641e-01 1.93132930e-02 -4.76528441e-02 -6.55019781e-02 5.30451806e-02 5.89803271e-02 6.46627966e-02 -7.43538181e-03 1.00000000e+00 -8.64742092e-02 -3.76283359e-02 5.50757654e-02 -7.15867409e-02 -1.45476691e-01 9.45767842e-02 -7.10948754e-02 2.40269089e-02 -3.53430186e-02 -2.29480581e-02 6.56244604e-02 1.55237824e-01 3.28119383e-02 -2.49057374e-02 -3.85858480e-02 -4.61743060e-02 5.30270518e-02 -9.83160890e-04 4.83595315e-02 -4.38950095e-02 -2.87666170e-02 -8.38432958e-02 -4.09767404e-02 -1.07330544e-01 -7.85490856e-02 -1.17188632e-01 3.19975951e-02 -1.11518473e-01 3.62142716e-02 -5.87719038e-02 -7.50291508e-02 -1.07953457e-01 -1.27103373e-01 -5.12562996e-02 -4.28159688e-02 -3.27609961e-02 -1.22127336e-01 -4.39317992e-02 -5.69193611e-02 -7.81923290e-02 -6.39779332e-02 3.91434223e-02 6.37867673e-03 -1.23862599e-02 -4.12494068e-02 5.22162392e-02 -2.84194848e-02 4.02686292e-02 -9.88691366e-02 2.05426733e-02 3.48426464e-03 -1.03564200e-04 -2.41225953e-02 -2.12566897e-02 2.15346182e-01 9.59189099e-02 -9.25668170e-02 4.87973616e-02 2.78142681e-02 2.12502895e-02 4.03074133e-02 -4.18330346e-02 9.80477438e-02 5.59418531e-02 -7.47259893e-03 -5.44735786e-02 1.43837899e-02 6.62804016e-02 4.21840740e-02 -6.36613938e-02 8.76321244e-01 -8.28339179e-02 -2.62643126e-02 2.67399725e-02 -2.76440012e-02 -1.27781707e-01 1.62836049e-01 9.61972897e-03 1.61181191e-02 -1.58237413e-02 -6.55589608e-02 5.78428576e-02 8.05670032e-02 8.87637672e-02 -5.34647482e-02 3.09835663e-02 -7.28432707e-02 -3.72599121e-02 2.11074303e-02 -5.02788461e-02 -3.98753179e-02 1.14629826e-01 -1.02123421e-01 1.36362363e-02 2.58431184e-02 4.80872479e-02 -1.44107434e-01 8.52473443e-02 -4.94056486e-02 2.50827775e-02 -1.00179844e-01 1.94178574e-02 -1.18711023e-01 -1.38831719e-01 -1.04399457e-02 -2.40773029e-02 -2.90585577e-02 -1.29757388e-01 -5.56683339e-02 -2.29381297e-03 -1.01083768e-01 -3.95240866e-02 4.49784394e-02 5.46645420e-02 -3.71866867e-02 7.85719944e-02 1.48472182e-01 1.03872867e-01 -3.35132845e-02 -1.03280240e-01 4.91128777e-02 -1.02064534e-02 7.84859696e-02 -2.02806689e-02
