 1.00000000e+00 1.14911419e-01 4.60450146e-02 -2.00447930e-02 3.62896119e-02 -1.62096322e-01 -1.13614959e-01 -5.07328589e-02 4.39784562e-03 -4.74580118e-03 1.02766326e-01 -2.60846995e-02 1.24669023e-02 3.41806445e-04 -6.81299667e-03 -1.47803518e-01 -1.51724345e-02 9.34285510e-02 -1.61519860e-01 1.09985534e-01 3.78883661e-01 5.01622222e-02 -1.11728953e-01 -1.08536519e-01 -9.81053754e-02 -6.42154418e-03 -2.04571316e-02 -2.54225639e-03 1.59909072e-02 6.05006878e-03 1.04445552e-02 -1.58662973e-01 -5.23125673e-02 9.34504354e-02 1.11900814e-01 -1.61704183e-01 -9.49508765e-03 1.28563972e-01 -2.88555618e-03 -8.77460335e-03 -1.21587207e-01 -7.03796218e-02 1.43272991e-02 1.57805031e-02 -1.15603190e-01 -1.96636394e-01 7.35088658e-02 -1.47912030e-01 1.88714046e-01 -1.41824925e-01 -9.70762507e-02 -1.16211590e-01 -2.39660229e-02 -5.46091273e-02 1.02856757e-01 -2.16560547e-01 1.93362215e-01 1.94027353e-01 7.08590280e-02 -3.18159072e-02 -1.96130556e-01 -8.71397413e-02 -1.27000057e-01 -1.90685991e-01 -5.24490841e-02 6.55180043e-02 1.41419050e-01 -3.78211072e-03 9.12961186e-02 3.12199773e-01 -5.00887979e-02 5.79030432e-01 5.37641704e-02 4.61692626e-02 7.22496769e-02 5.24981639e-02 -6.52271022e-03 -1.06070831e-01 1.94773932e-02 -5.89557620e-02 -1.39932609e-02 1.31457396e-01 1.21070375e-01 4.84419137e-02 4.71017822e-02 -9.73333632e-03 -1.86772946e-01 2.51956014e-03 9.62031393e-02 -6.54175781e-02 2.30748029e-01 1.47974040e-01 7.08203670e-02 -1.15493721e-01 1.74347658e-01 5.56312210e-03 -1.55010119e-01 -1.83457595e-02 -2.18332918e-02 -1.52530023e-03 -4.21741116e-03 -7.09100554e-02 -1.37785966e-01 2.95333052e-02 5.53784934e-02 7.82943254e-02 -1.55770759e-01 -2.03670007e-02 1.35161288e-01 -6.13470913e-02 -1.75269639e-02 6.66256419e-02 5.30082956e-02 -1.49493228e-02 4.36104240e-02 -2.64053887e-02 -2.14685553e-02 -1.63395769e-02 -1.01524463e-01 6.62927439e-02 -1.07791540e-01 5.68637287e-02 -4.27897195e-02 2.84807569e-02 -3.12188596e-02 6.51851083e-02 -1.70173614e-01 1.76449304e-01 1.15315452e-01 1.26955363e-01 -4.85804007e-02 -4.80277742e-02 6.03171591e-02 1.01596097e-01 -4.06278305e-02 4.14684770e-02 -3.32974840e-03 2.12500669e-01 -1.60892647e-02 8.66144845e-02 1.46775488e-01 2.45068867e-02
 1.14911419e-01 1.00000000e+00 -3.71054883e-03 -4.80416989e-02 4.24010177e-01 -1.54394868e-01 -1.90422530e-01 2.30929479e-01 -1.28258988e-01 4.40395692e-01 -4.33138835e-02 -1.34809920e-01 -2.09145716e-01 -8.86693137e-03 1.30193836e-01 -1.39599502e-01 2.97250286e-02 2.44910576e-01 -2.09892539e-01 -9.06835491e-02 2.94267217e-01 -6.83934909e-02 -2.27000979e-01 -1.46611303e-01 -8.93948634e-02 1.22726816e-01 -1.81404643e-01 -1.80590657e-01 7.81125010e-02 2.86583248e-01 -6.82908972e-02 -1.65555259e-01 2.18531335e-01 -1.69678187e-01 -2.67320276e-02 -1.53240740e-01 -7.97565967e-02 -6.19750470e-02 2.25134652e-01 1.20594497e-01 -8.26125680e-02 -1.97926297e-01 2.23118466e-01 -1.81978269e-01 -1.63088380e-01 -2.78089069e-01 -1.30668028e-02 -1.80108417e-01 -5.00347194e-02 -2.51462389e-01 -2.44135166e-01 -1.83665499e-01 -1.47604873e-01 -2.82324951e-02 -1.60522025e-01 -2.09125699e-01 2.68212033e-01 2.66699053e-01 -1.08516467e-01 -1.17838622e-01 -8.59125493e-02 -1.41769957e-01 -1.99720055e-01 -1.34347368e-01 -1.99922419e-01 2.35425587e-01 -1.00217132e-01 3.10370824e-01 2.21071963e-02 2.05810540e-01 -1.87525041e-01 1.44473657e-01 5.83637528e-01 -3.93012044e-02 -1.44148294e-02 4.16176179e-01 2.44559840e-01 -2.26687935e-01 2.58146474e-01 -1.66511761e-01 3.58253618e-01 6.44837275e-02 3.14942024e-02 -2.00237361e-01 1.91126081e-01 1.85962570e-01 -1.78646550e-01 2.36857114e-01 2.67595930e-01 -9.27444149e-02 3.17685234e-02 1.14743692e-01 -3.30629527e-02 -1.73587776e-01 2.03206591e-01 3.16882888e-01 -1.32830404e-01 -1.49975559e-01 -2.44495696e-01 1.22488685e-01 3.91384982e-01 -4.44051672e-02 -1.76337774e-01 2.54912707e-01 -2.37139315e-01 2.42656970e-01 -1.61797973e-01 -1.66665408e-01 1.23627446e-01 4.06298842e-01 1.47747115e-01 1.29504311e-01 8.05737809e-02 3.05002983e-01 -1.68197903e-01 -8.93218293e-02 -1.34584875e-02 -9.22558042e-02 -2.38509521e-01 3.21728572e-01 -2.38185306e-01 4.57000600e-02 -1.32447717e-01 -1.90311121e-01 2.77587738e-01 -1.96109786e-01 -1.92475224e-01 3.09820268e-01 2.52162771e-01 2.31276571e-01 -8.77336847e-02 3.03384371e-01 1.68165398e-01 8.93682684e-02 6.12693840e-02 3.36726987e-01 -3.19848315e-02 1.99266969e-01 3.15986567e-01 -8.36792054e-02 4.29649370e-01 2.75545733e-01
 4.60450146e-02 -3.71054883e-03 1.00000000e+00 3.98079055e-02 -1.28914709e-02 -6.71020965e-02 2.74054225e-01 4.49534566e-02 -1.73740868e-02 2.36995630e-02 1.30616736e-01 -3.12013571e-02 1.31312853e-01 -7.61050876e-03 -3.13427727e-02 -1.92369978e-02 -2.21211668e-02 1.48554682e-01 4.02646125e-02 1.24322818e-01 2.05399271e-01 -1.24714350e-02 -5.15719607e-02 3.56272358e-01 -1.92620761e-02 -5.13609736e-02 1.60976049e-02 2.00471404e-01 5.96438887e-03 -2.12241350e-02 9.55410456e-02 -9.32319363e-02 -1.47480339e-01 4.54676348e-02 -7.24281297e-03 -1.11395620e-01 1.23749480e-01 -6.90178428e-03 -1.43954952e-01 -1.41784786e-01 -3.27195613e-02 -1.11083067e-01 -2.13950792e-01 -5.03460248e-02 1.26355730e-01 -1.36331303e-01 9.15134108e-02 -7.90008617e-02 1.43579091e-01 -2.73353148e-02 -6.82775766e-02 5.82657805e-02 1.19815168e-01 -5.73230364e-02 2.74436966e-02 -9.47947785e-02 -9.84433650e-02 -9.01459478e-02 -5.18868397e-02 9.13471973e-02 -2.48780316e-02 -1.45283189e-02 -3.17094084e-02 7.85776300e-02 1.66969986e-02 -1.15199475e-01 -9.99331432e-03 -1.97232622e-01 -6.69035368e-02 1.04754462e-01 7.93126490e-02 1.21744058e-02 -1.31536290e-01 7.45923740e-01 3.89091701e-02 -7.61269918e-02 -1.49934421e-01 2.08175158e-01 -8.84066529e-03 -5.96473218e-02 -1.20064111e-01 9.26194400e-02 -2.38903698e-02 1.58712795e-01 -1.07338480e-01 -3.44355945e-02 -4.95278961e-02 -2.45453444e-01 1.50861215e-01 4.79502122e-02 1.60263989e-01 4.85500874e-02 2.11531391e-02 -3.56989557e-02 4.51274160e-01 -1.68871255e-01 8.40378108e-03 3.23188346e-02 1.82004859e-01 -2.77459359e-02 -1.42372953e-01 1.36842044e-01 -8.83721340e-02 -1.79211107e-01 1.02080902e-02 -2.04470595e-01 -1.21138358e-01 1.03418335e-01 -9.22402479e-02 -1.96815891e-01 -1.50584831e-01 -1.48756346e-01 -1.38076976e-02 -1.81154874e-01 -7.57139891e-02 1.29766184e-01 -7.36030980e-02 5.34852146e-02 -7.17069523e-02 -1.73751719e-01 -1.57693557e-02 -9.99767552e-02 5.71983522e-02 1.21066924e-01 -1.72834557e-01 1.11858116e-02 -6.13958363e-02 -1.35961534e-01 -8.08376920e-02 -1.58205643e-01 9.05166210e-02 -1.72756493e-01 -1.17317316e-01 4.40335656e-02 1.57291244e-01 -1.62551724e-01 -1.12920256e-01 -9.83675748e-02 -2.06828241e-01 -5.93528003e-02 -8.88377018e-02 -1.88685482e-01
 -2.00447930e-02 -4.80416989e-02 3.98079055e-02 1.00000000e+00 -3.66559012e-02 -6.82355580e-02 -3.54940890e-02 -2.66378139e-02 -2.21743634e-02 -1.27318727e-01 -1.39270813e-02 6.40899452e-02 2.91311071e-04 3.00410023e-02 -4.99505697e-03 -6.14763575e-02 3.49033309e-03 -4.23573582e-02 -2.76209051e-02 6.15510491e-02 2.88580187e-02 2.78045078e-02 -1.47903573e-02 1.40787102e-02 3.34094578e-02 -5.58790864e-02 -2.97509358e-02 -1.46962824e-02 -1.10307195e-03 2.25387684e-02 2.43787696e-02 -4.03829532e-02 -6.06293543e-02 6.54160429e-02 3.31471064e-02 -2.07241670e-02 -7.50515891e-03 1.74984135e-02 -4.86253169e-02 -1.10475473e-01 2.91453213e-02 -9.74790478e-02 -2.11969865e-02 -1.29203776e-02 -3.86193040e-02 -1.00570850e-01 9.53712142e-02 -5.67724915e-02 -1.70818445e-02 4.71899166e-02 3.84587842e-02 9.26416475e-02 8.48990023e-03 -3.03360382e-02 1.28457799e-01 -7.38619306e-02 3.17934877e-02 7.29811055e-02 8.97061801e-02 -1.29625869e-02 4.56337117e-02 2.06442336e-02 -4.05293298e-02 8.37721359e-04 3.28816782e-02 2.18395618e-02 4.46419047e-02 -1.23994683e-01 -2.08029777e-02 1.24429004e-02 -1.41167269e-02 2.20494758e-02 -7.83186283e-02 3.98845961e-02 8.22582242e-01 -6.17097093e-02 -1.00445501e-01 -1.61399277e-02 -6.46847298e-02 -1.25348649e-02 -1.19969678e-01 1.09782940e-03 5.34185215e-02 1.86893205e-02 -2.55728631e-02 -3.94445066e-02 -7.53201553e-02 -1.09692551e-01 -3.96584490e-02 3.84282071e-02 5.52267172e-02 2.83292967e-03 4.48324371e-02 4.59030654e-02 -3.08410558e-02 -9.78003848e-02 -5.79572995e-02 -2.80804543e-02 1.49948385e-03 -4.82112227e-04 -5.48706755e-02 -1.38787699e-02 4.80544010e-03 -1.08911699e-01 -5.61450576e-03 -4.97587537e-02 -5.97888762e-02 1.03114486e-01 3.47758003e-02 -1.60999374e-01 -1.18608487e-01 -2.13760241e-02 4.56990062e-02 -6.16939831e-02 8.81332216e-03 5.46542977e-02 -6.11728535e-02 1.55168264e-02 -6.06272909e-02 -8.95239089e-02 5.06781340e-02 8.24250055e-02 1.03447310e-01 -1.13603264e-02 -1.21829191e-01 6.85313727e-02 -3.70903304e-02 -2.86233550e-02 8.02756220e-02 7.52353676e-02 1.28463034e-02 -8.86476980e-02 -5.00392827e-02 -3.70605735e-02 -4.95232139e-02 -7.85823931e-02 2.97800282e-02 5.05371253e-03 -1.16258901e-01 1.33496571e-02 -3.74287495e-02 -8.18963545e-02
 3.62896119e-02 4.24010177e-01 -1.28914709e-02 -3.66559012e-02 1.00000000e+00 -1.50540846e-01 -2.23859366e-01 2.57530255e-01 -1.41701027e-01 4.78226046e-01 -9.62052844e-02 -1.64964534e-01 -1.89495704e-01 -4.82053400e-02 2.66735044e-01 -9.61404903e-02 1.03818951e-01 1.99503817e-01 -1.36893756e-01 -1.29142864e-01 1.14308946e-01 -8.94242798e-02 -1.18528322e-01 -2.01738655e-01 -6.00584052e-02 1.79388588e-01 -2.05210657e-01 -2.19179746e-01 4.73179737e-02 3.12274751e-01 -7.21339042e-02 -8.93273198e-02 1.37901654e-01 -1.35034469e-01 -3.38077151e-02 -2.41886409e-02 -5.68986747e-02 4.51931122e-04 2.35307332e-01 2.17307857e-01 -1.13236689e-01 -9.39211011e-02 1.61178789e-01 -1.92149443e-01 -6.91904516e-02 -1.58631059e-01 -3.90165570e-02 -1.12730443e-01 -2.06219238e-02 -1.56047589e-01 -1.42912102e-01 -1.42737419e-01 -1.76351905e-01 6.42706842e-02 -1.87078040e-01 -1.46684663e-01 9.44835390e-02 1.17603189e-01 -6.20481244e-02 -1.61122829e-01 7.61644171e-03 -1.39890464e-01 -1.90552964e-01 4.33464864e-02 -2.28653736e-01 1.91037422e-01 -3.59216057e-02 1.84902438e-01 8.32033727e-02 5.36293129e-02 -1.52685075e-01 2.17488762e-02 3.40024028e-01 -1.08430140e-02 -4.03059184e-02 5.92262884e-01 2.01706924e-01 -2.45005511e-01 3.56758817e-01 -1.62329820e-01 2.57530255e-01 -1.80517734e-02 -1.63868607e-02 -1.80844597e-01 1.14674859e-01 2.69118845e-01 -1.34900508e-01 1.24082705e-01 2.01741503e-01 -2.76659122e-02 -5.73182280e-02 5.85941381e-02 -7.46432857e-02 -7.64851695e-02 8.15569708e-02 1.91891854e-01 -5.15006632e-02 -2.05020058e-01 -2.54946484e-01 1.04948099e-01 2.60447472e-01 -5.00388343e-02 -6.96372860e-02 1.36379020e-01 -2.38857146e-01 1.44043851e-01 -7.97013413e-02 -2.04773532e-01 1.93989747e-01 3.01696646e-01 2.10800612e-01 1.63326896e-01 1.37715555e-01 2.02604136e-01 -1.33677308e-01 -1.08651162e-01 5.86415206e-02 -9.42200395e-02 -1.35123033e-01 1.84400027e-01 -1.90369965e-01 1.42609141e-01 -1.01149990e-01 -2.23752411e-01 1.97412352e-01 -2.04062217e-01 -1.43629094e-01 1.22734144e-01 1.25205669e-01 1.88333050e-01 -1.33071199e-01 2.38339638e-01 1.28702324e-01 3.46725310e-02 2.04285520e-01 1.97795339e-01 8.26004287e-02 1.56752458e-01 2.09747515e-01 2.92653414e-02 1.93483176e-01 1.90823562e-01
 -1.62096322e-01 -1.54394868e-01 -6.71020965e-02 -6.82355580e-02 -1.50540846e-01 1.00000000e+00 1.41331436e-01 2.66104329e-02 1.87849741e-01 -1.69877621e-01 -2.01676455e-02 1.09747448e-01 4.00608166e-02 6.49067019e-02 -8.32276306e-02 9.37241140e-02 -8.17662026e-03 -1.19481803e-01 9.47820440e-02 -3.71291407e-02 -2.20445121e-01 -2.41276419e-02 3.78999345e-02 8.76977923e-02 4.61031451e-02 -4.00808363e-02 9.33164387e-02 2.83350881e-02 7.85236547e-02 -6.76638868e-02 1.84017662e-02 8.78269010e-02 -1.31309728e-01 -3.59043632e-02 -5.48381813e-02 1.63476526e-01 7.42027076e-02 -3.14226130e-02 -5.76921604e-02 -4.28001680e-03 9.85676039e-02 7.93059315e-02 -1.64409722e-01 7.96285416e-02 6.65391447e-02 1.89579468e-01 -7.12970507e-02 1.40791928e-01 -1.29694123e-01 8.35767800e-02 8.99067956e-02 4.48742297e-02 4.77797005e-02 2.27379541e-02 4.48154140e-02 1.41822887e-01 -2.53107984e-01 -2.55616983e-01 -3.97209609e-02 5.91490320e-02 7.91327499e-02 7.42815915e-02 9.50344210e-02 6.99852929e-02 6.44638759e-02 -1.21802832e-01 -1.32890085e-01 -1.40518786e-01 -6.26389104e-02 -2.17279594e-01 1.11203916e-01 -1.88600874e-01 -1.86472388e-01 -5.20092250e-02 -9.58355533e-02 -2.00559263e-01 2.76612649e-01 8.65060026e-02 -4.65363760e-02 2.68772851e-01 -1.55040033e-01 -7.95610749e-02 2.75266726e-02 5.58864089e-02 6.20232088e-03 -1.09852021e-01 1.34195521e-01 -1.26367440e-01 -1.29975606e-01 -5.05543927e-02 -7.47713031e-02 -1.51526566e-01 -4.79707600e-02 -7.65621711e-03 -1.52679660e-01 -1.46110266e-01 1.52769178e-01 8.59910803e-02 3.70884601e-02 9.62039900e-02 -1.78911006e-01 -9.50697324e-03 7.26442317e-02 -1.03384526e-01 5.05255517e-02 -1.57496006e-01 1.91776790e-01 8.29601558e-02 -1.03167064e-01 -1.62665102e-01 -9.68126592e-03 -6.08302712e-02 -9.82552979e-02 -1.53504001e-01 5.96221239e-02 -7.08039748e-02 -6.53172414e-02 -4.03563055e-02 9.16443446e-02 -2.07198930e-01 8.90635841e-02 -1.95490833e-01 4.56391429e-02 8.87318925e-02 -1.23358922e-01 6.90892730e-02 1.19021125e-01 -2.29093347e-01 -2.47399157e-01 -2.22096791e-01 5.85749350e-02 -1.70838725e-01 -9.78319304e-02 -3.92458732e-02 -6.67771689e-04 -1.64130208e-01 -3.56625303e-02 -2.13658753e-01 -8.41431903e-02 -7.15662385e-04 -2.11187871e-01 -1.47192584e-01
 -1.13614959e-01 -1.90422530e-01 2.74054225e-01 -3.54940890e-02 -2.23859366e-01 1.41331436e-01 1.00000000e+00 -1.39113723e-01 4.50745879e-02 -2.05916238e-01 1.80124730e-01 3.92613812e-02 2.99894315e-01 -6.52786917e-02 -1.96060770e-01 7.96378752e-02 -9.21074442e-02 -8.52058187e-02 1.09417764e-01 7.32966649e-02 -6.66564269e-02 -8.44392187e-02 5.03724673e-02 8.52221168e-01 3.77661097e-02 -1.60195303e-01 1.38835067e-01 3.24424663e-01 -5.90812952e-02 -1.34769635e-01 6.52577414e-02 -1.99398551e-02 -1.90848291e-01 4.01532573e-02 -1.17418763e-01 -5.46100325e-02 3.45613464e-01 -9.18249388e-02 -2.77129599e-01 -2.55036613e-01 4.34911142e-02 6.41008562e-02 -3.17430180e-01 3.23893795e-02 3.59278167e-01 6.58766203e-02 1.22420010e-02 1.22490306e-01 -3.69342161e-02 1.65256042e-01 1.31940909e-01 2.83602050e-01 2.23497870e-01 -1.38935739e-01 1.30975794e-01 1.11548550e-01 -2.37109506e-01 -2.83151321e-01 -1.30726436e-01 1.95817686e-01 4.54550486e-02 1.40385120e-01 1.06001359e-01 1.67282509e-01 3.12731571e-01 -2.34087297e-01 -1.39708319e-01 -3.21455945e-01 -2.55859143e-01 -1.38776905e-01 8.56228262e-02 -1.69468615e-01 -2.78337467e-01 2.28688538e-01 -5.08528442e-02 -3.07008892e-01 -2.47974167e-01 5.41068670e-01 -2.12630514e-01 9.48887417e-02 -2.70714809e-01 2.62668118e-02 -8.58203261e-02 2.88053749e-01 -2.22481770e-01 -2.13831561e-01 1.14553663e-01 -2.81300380e-01 -8.29786722e-02 -8.87232732e-02 1.65030380e-02 -1.32191031e-01 -6.24516525e-02 -2.97541998e-02 3.49904972e-01 -2.86087346e-01 1.79887352e-01 1.41647499e-01 4.81879621e-01 -1.38229624e-01 -2.68384352e-01 3.68876361e-02 -5.75636028e-03 -2.25172263e-01 2.08462295e-01 -3.19708301e-01 4.64789117e-02 2.79704998e-01 -2.32147891e-01 -3.03807809e-01 -2.62482783e-01 -2.69215438e-01 -1.15855381e-01 -3.27554264e-01 -6.98808293e-02 1.83795929e-01 -2.36610246e-01 2.38813848e-02 6.83077174e-02 -3.05602665e-01 1.39413715e-01 -2.57094134e-01 1.23226922e-01 3.15699684e-01 -3.02256118e-01 1.31718924e-01 3.01207925e-03 -3.09831190e-01 -2.46254803e-01 -3.22741900e-01 1.95308861e-01 -3.17237019e-01 -2.20344456e-01 -1.09074122e-01 1.09728747e-01 -2.48087912e-01 -2.08522678e-01 -2.78838794e-01 -3.27068525e-01 -1.87297108e-01 -2.91633482e-01 -3.27205790e-01
 -5.07328589e-02 2.30929479e-01 4.49534566e-02 -2.66378139e-02 2.57530255e-01 2.66104329e-02 -1.39113723e-01 1.00000000e+00 3.50551152e-02 2.67339999e-01 1.97249814e-02 2.58363866e-02 -8.21779728e-02 7.79042839e-02 9.38370587e-02 -5.71023106e-02 2.39837601e-02 1.02594740e-01 -4.75969456e-02 -1.10742481e-01 -4.27167558e-02 -7.48489652e-02 -7.61063218e-02 -9.96565282e-02 9.10871628e-03 1.02990656e-01 -9.04219799e-02 -1.67901248e-01 1.72451672e-01 1.76401442e-01 -8.88138727e-02 3.04342717e-02 -3.51100996e-03 -1.31236674e-01 -2.40574492e-02 3.46260379e-02 -7.95790767e-02 3.76362938e-02 1.74678204e-01 1.16117735e-01 3.32358495e-02 -9.28510522e-02 1.41637130e-03 -6.21363766e-02 -4.63213006e-02 -8.57066755e-02 -2.85603940e-02 -3.03125123e-02 -2.78611733e-02 -1.48543757e-01 -1.01224054e-01 -1.46639028e-01 -1.40752925e-01 1.40613256e-01 -1.37728364e-01 -6.04339261e-02 -5.66843520e-02 -4.99107107e-02 -3.58683316e-02 -2.18585842e-02 1.23539022e-01 -2.84568181e-02 -8.95152801e-02 8.55910448e-02 -1.60125770e-01 4.44466758e-02 -2.61689947e-02 7.24313081e-02 3.38291596e-02 -7.81235337e-02 -9.59505929e-03 -6.53788364e-02 1.05099187e-01 2.89171858e-02 -1.36262609e-02 1.39611622e-01 1.11526851e-01 -1.69675195e-01 6.75092932e-01 1.58793270e-02 7.13725394e-02 5.35357742e-02 1.24742594e-01 -9.16144509e-02 1.11779417e-01 1.09145035e-01 -7.11540182e-02 5.61202326e-02 8.75254519e-02 4.32340802e-02 -2.70735328e-02 8.49780375e-03 -6.11564071e-02 -9.19966594e-02 2.86327498e-02 6.25049017e-02 6.52346391e-03 -7.62047538e-02 -2.18565411e-01 1.51860451e-01 5.47973338e-02 -3.90572962e-02 -4.24870743e-03 -2.38039018e-03 -2.02673194e-01 -4.41268800e-02 -8.20017888e-03 -1.52594025e-01 8.78279447e-02 1.10243650e-01 1.39316416e-01 7.76043446e-02 6.71746325e-02 5.97143587e-02 -1.52664927e-02 -9.24620045e-02 5.98099250e-02 -5.12017417e-02 -4.40324888e-02 -2.86993336e-03 -1.68496197e-01 2.08393819e-02 -1.13868223e-01 -1.74909286e-01 9.13006198e-02 -1.67937886e-01 -5.90740568e-02 -5.83168156e-02 -7.78668500e-02 -3.50239139e-02 -2.27150413e-02 9.49994930e-02 6.40918991e-03 9.21743754e-02 2.09038270e-01 2.47376612e-02 8.22409223e-02 -2.42812429e-02 7.86533785e-02 3.06774166e-03 -1.34405722e-02 2.70537561e-02
 4.39784562e-03 -1.28258988e-01 -1.73740868e-02 -2.21743634e-02 -1.41701027e-01 1.87849741e-01 4.50745879e-02 3.50551152e-02 1.00000000e+00 -1.77925154e-01 1.16023985e-01 1.43540585e-01 -3.30730448e-02 1.28655970e-01 -9.27055627e-02 5.88180884e-02 -5.41655219e-03 -6.02173225e-02 -9.46181497e-03 -3.89404263e-02 -1.51848723e-01 2.19947242e-03 -1.96620419e-02 6.07769795e-02 6.97393404e-02 -4.21369343e-02 1.21043993e-02 -8.37718894e-03 6.92563591e-02 -8.84561192e-02 5.04510521e-02 7.17355347e-02 -1.33673983e-01 2.32819129e-02 -6.73049517e-03 8.45388385e-02 -3.06547226e-02 4.57123307e-02 -4.97169663e-02 -3.88478455e-02 9.58184871e-02 1.93351721e-02 -9.97433758e-02 3.89856729e-02 -9.20822900e-03 1.03114400e-01 3.65698347e-03 4.18252948e-02 -9.48294668e-03 -3.66744247e-03 -4.39229431e-03 -1.69119906e-02 -3.50192058e-04 1.75719432e-02 3.26760899e-02 2.45303116e-02 -1.60540828e-01 -1.35921913e-01 6.83326724e-03 1.28892787e-01 3.20689084e-02 3.30732351e-02 3.70600621e-02 4.90037929e-03 -5.91273589e-03 2.39092152e-02 -1.11977600e-01 -8.51351931e-02 -1.25388685e-02 -9.90188424e-02 3.92115115e-02 -7.10649820e-02 -1.51753545e-01 1.16622283e-02 -5.22777315e-02 -1.83210360e-01 6.86682302e-02 6.24841188e-02 5.86709729e-03 5.76259535e-01 -1.63090468e-01 4.62617022e-02 1.77722666e-01 -2.91755024e-02 1.15763777e-02 -1.10023365e-01 4.94620358e-02 -1.29136083e-01 -8.74520301e-02 -4.15692614e-02 -5.24170644e-02 -6.69290830e-02 1.59809462e-02 -2.94322902e-02 -9.67700665e-02 -1.21583073e-01 3.68738320e-02 3.62883214e-02 -3.71069620e-02 6.04770732e-02 -1.59301403e-01 1.86366805e-02 8.80559670e-02 -1.44466343e-01 1.65442203e-02 -7.96013601e-02 1.04789836e-01 -1.11213531e-02 7.20234349e-03 -1.18519597e-01 -4.53695240e-02 -3.99544832e-02 -9.59943405e-02 -1.31896604e-01 -2.73151460e-04 -2.65589174e-02 3.91970291e-02 5.41220754e-02 2.58717730e-02 -1.40061984e-01 -3.32330958e-03 -1.09437125e-01 9.54524771e-03 -5.90828045e-03 -9.84732449e-02 -2.59659005e-03 8.55339820e-02 -2.01072061e-01 -1.43390692e-01 -1.69776537e-01 1.62231993e-01 -1.39264491e-01 -3.72096223e-02 3.41899345e-02 -5.06156180e-02 -1.17210304e-01 5.72543503e-02 -1.39495869e-01 -7.87177648e-02 1.60590749e-02 -1.64253530e-01 -7.88314747e-02
 -4.74580118e-03 4.40395692e-01 2.36995630e-02 -1.27318727e-01 4.78226046e-01 -1.69877621e-01 -2.05916238e-01 2.67339999e-01 -1.77925154e-01 1.00000000e+00 -1.49957589e-01 -2.52844111e-01 -2.09676724e-01 -8.35446352e-02 2.94726314e-01 -1.71943330e-01 8.98089492e-02 2.46588910e-01 -1.56444322e-01 -1.34828939e-01 1.18259641e-01 -1.28519058e-01 -1.38665690e-01 -1.65412757e-01 -7.93446850e-02 2.05418470e-01 -2.13841468e-01 -2.58314886e-01 -3.71324341e-03 2.67744545e-01 -2.26678768e-01 -7.82028016e-02 2.79315080e-01 -1.73641454e-01 -3.56592100e-02 -1.56702383e-01 -1.95021158e-01 -3.48643061e-02 1.19913150e-01 2.92817422e-01 -1.92767917e-01 -1.85494383e-01 2.83402646e-01 -2.76710670e-01 -1.65570903e-01 -2.39536385e-01 -9.61169068e-02 -1.17603975e-01 -5.86191134e-02 -2.13099188e-01 -1.89887204e-01 -2.32859725e-01 -2.15733390e-01 1.00759162e-01 -3.64292667e-01 -1.52872111e-01 2.48431195e-01 2.05438661e-01 -1.96566456e-01 -1.83113115e-01 -3.47456910e-02 -1.00317148e-01 -2.74038692e-01 1.05788034e-01 -3.12804362e-01 3.93806830e-01 -1.06702712e-01 3.69214889e-01 4.85911647e-02 9.92980860e-02 -2.21909536e-01 4.33144341e-02 5.14799717e-01 -1.17885825e-02 -1.15885702e-01 5.95153165e-01 2.99767323e-01 -2.41380433e-01 4.07723738e-01 -2.10955650e-01 4.79140628e-01 -1.92810783e-02 -7.42200176e-02 -1.88448285e-01 1.93934479e-01 3.51976288e-01 -2.07342715e-01 3.47594429e-01 2.48803678e-01 -4.68672302e-02 -6.01757135e-02 3.98580590e-04 -9.62059841e-02 -9.62286544e-02 1.65653391e-01 4.33579782e-01 -8.14480805e-02 -1.98674152e-01 -2.98662302e-01 8.99910245e-02 4.28128961e-01 -1.38420640e-01 -1.49013986e-01 3.89755651e-01 -2.84859258e-01 3.00840941e-01 -2.32066280e-01 -3.26630441e-01 1.46455101e-01 4.55686110e-01 3.20396370e-01 1.15872118e-01 1.61396747e-01 3.79885262e-01 -2.04903525e-01 -1.48099900e-01 4.39900262e-02 -1.14701040e-01 -1.40926212e-01 3.57445123e-01 -2.38468507e-01 1.28805382e-01 -2.31813430e-01 -2.60376789e-01 4.41262604e-01 -3.71235988e-01 -2.10141052e-01 3.70691784e-01 2.54033568e-01 2.32881357e-01 -1.53949991e-01 4.87203815e-01 1.14029818e-01 3.54941767e-02 3.20227952e-01 4.27914326e-01 1.03447746e-01 2.42233678e-01 4.13291887e-01 -7.34330730e-02 4.46655089e-01 3.54491247e-01
 1.02766326e-01 -4.33138835e-02 1.30616736e-01 -1.39270813e-02 -9.62052844e-02 -2.01676455e-02 1.80124730e-01 1.97249814e-02 1.16023985e-01 -1.49957589e-01 1.00000000e+00 1.26733641e-01 8.12944753e-02 6.94123630e-02 -1.05625164e-01 8.43923152e-02 -3.90310484e-02 -2.18563507e-02 -1.35858494e-02 7.33851193e-02 2.82136940e-02 -3.04071282e-02 -4.95636112e-02 2.34200447e-01 1.86344229e-02 -5.06799770e-02 -2.40904890e-03 4.85810762e-02 5.73206740e-02 -2.41234767e-02 9.95948249e-03 -2.41716713e-02 -1.98712670e-01 1.28823270e-01 8.98622804e-02 4.13180792e-02 1.04744389e-01 6.01512021e-02 -8.76637411e-02 -1.29106195e-01 1.01292527e-01 -7.77049279e-02 -1.77183479e-01 -1.10330807e-02 5.22076830e-02 4.91202448e-02 1.04776413e-01 -4.14095994e-02 2.99154262e-04 -1.10256527e-01 -7.49503849e-02 3.76583422e-02 3.49940182e-02 -2.70904755e-02 6.99083220e-02 -5.86946267e-02 -1.80711681e-01 -6.79589333e-02 -5.02729530e-02 1.25050323e-01 -7.20717963e-02 4.50311760e-02 -9.60047555e-03 -1.07660035e-02 6.18935652e-02 -5.85721559e-02 -1.26564782e-01 -9.77930542e-02 -6.40878424e-02 -5.11189375e-03 2.63629825e-02 4.39929781e-03 -1.04577965e-01 1.42291130e-01 -4.64951190e-02 -1.72057207e-01 -1.36618540e-01 1.55604153e-01 2.02003454e-03 1.25922019e-01 -1.39230104e-01 7.53436700e-01 1.59034388e-01 1.03260950e-01 -3.79560461e-02 -1.39507346e-01 5.09559631e-02 -1.75472328e-01 -3.55876127e-02 -2.08176096e-02 1.01705070e-01 3.89967875e-03 -1.58006992e-03 -8.91683668e-02 1.39261355e-01 -1.21620555e-01 3.70870519e-02 1.16398387e-02 5.64588226e-02 7.33839737e-04 -1.30475491e-01 5.85207220e-02 -7.04067389e-03 -1.78201093e-01 4.48120289e-02 -1.53601766e-01 5.60618155e-02 3.15525141e-02 3.56201401e-03 -1.33860113e-01 -1.36846966e-01 -9.17148486e-02 -9.41235372e-02 -1.64180488e-01 -3.09432222e-02 9.36267824e-03 -1.63658191e-03 6.86698268e-02 -9.47914791e-03 -9.71118875e-02 -7.24617037e-02 -1.39738875e-01 1.96259420e-02 2.38200102e-02 -1.26914422e-01 4.09692066e-02 -8.79894831e-03 -2.08136157e-01 -1.10835452e-01 -1.74793064e-01 1.49124827e-01 -1.86916769e-01 -4.52623395e-02 4.91025863e-02 -5.37812984e-04 -1.32607125e-01 -4.50795878e-02 -1.40985372e-01 -1.38805097e-01 -4.29343000e-02 -1.67743447e-01 -1.38936550e-01
 -2.60846995e-02 -1.34809920e-01 -3.12013571e-02 6.40899452e-02 -1.64964534e-01 1.09747448e-01 3.92613812e-02 2.58363866e-02 1.43540585e-01 -2.52844111e-01 1.26733641e-01 1.00000000e+00 -2.39861081e-02 1.13829053e-01 -9.70571418e-02 7.59394441e-03 -1.76023831e-02 -7.78480041e-02 3.56693821e-02 4.92295957e-02 -1.06543589e-01 1.87998477e-02 -7.04217564e-03 6.72432140e-02 6.38743252e-02 -7.37355290e-02 7.45616077e-02 2.91109417e-02 9.07220524e-02 -1.52855676e-01 2.94347079e-02 1.03321399e-01 -1.09483092e-01 7.97920568e-02 5.20198534e-02 6.92875260e-02 6.77019793e-02 2.19307932e-01 -7.94606061e-02 -1.88000964e-01 1.88690358e-01 -1.23717154e-02 -4.21203619e-02 3.16302453e-02 6.68030716e-02 3.06585207e-03 1.09516727e-01 -4.62117646e-02 -3.71250978e-02 -3.26103598e-02 1.90182410e-02 2.20636220e-02 4.01840676e-02 -3.40631663e-02 1.73107469e-01 9.78440901e-03 -1.69341148e-01 -1.59815187e-01 -3.64321502e-03 1.03939205e-01 -8.93828079e-03 9.85858365e-02 1.15133637e-01 8.09798193e-02 3.53101327e-02 -5.02599504e-02 -2.00766612e-01 -1.52018356e-01 -4.09626790e-02 -5.00772114e-02 1.44863211e-01 -4.95812167e-03 -1.92563380e-01 -2.87776017e-02 4.96217517e-02 -2.26355731e-01 -1.41890141e-01 1.24415815e-01 -3.60038153e-02 1.06284983e-01 -2.29302324e-01 3.76327745e-02 6.63334844e-01 -8.68062112e-03 6.02669126e-02 -1.15594601e-01 -9.36327015e-03 -1.06768377e-01 -9.11546515e-02 -1.39506106e-02 -3.74652860e-02 -4.88099561e-03 5.09143894e-03 -1.63491501e-02 -8.47308147e-02 -1.59203674e-01 7.45585577e-02 2.89461488e-02 -2.05395619e-02 5.24592248e-02 -2.15783415e-01 3.61255193e-02 1.45484252e-01 -1.67770682e-01 9.67030692e-02 -1.58917395e-01 2.73741361e-02 1.07934291e-01 3.95375870e-02 -1.81944190e-01 -1.96023555e-01 -2.61335076e-02 -1.45510324e-01 -1.69254908e-01 1.50600747e-02 9.89360288e-02 -8.84673913e-02 9.94360018e-02 -1.54084360e-02 -2.07099436e-01 1.97189551e-02 -2.34144546e-02 8.83768270e-02 -4.48802683e-03 -1.76233013e-01 1.49697433e-01 5.74852383e-02 -2.78214852e-01 -1.17746692e-01 -1.49480008e-01 1.39688325e-01 -2.35829296e-01 -2.18263561e-02 2.32771298e-02 -8.38597865e-03 -1.97778136e-01 3.48944285e-02 -2.27052384e-01 -1.76107987e-01 -2.19422671e-02 -2.39319897e-01 -1.13368546e-01
 1.24669023e-02 -2.09145716e-01 1.31312853e-01 2.91311071e-04 -1.89495704e-01 4.00608166e-02 2.99894315e-01 -8.21779728e-02 -3.30730448e-02 -2.09676724e-01 8.12944753e-02 -2.39861081e-02 1.00000000e+00 -7.88866248e-02 -1.97984330e-01 1.90672450e-02 -2.22743189e-01 -1.73331697e-01 1.48066458e-01 7.67670131e-02 7.47387811e-02 -2.27569757e-02 5.41555880e-02 2.83122274e-01 -6.62452459e-02 -2.38559629e-01 1.15455335e-01 2.82030402e-01 -6.39186704e-02 -2.12972556e-01 1.19736207e-01 1.87270945e-02 -3.49603376e-01 8.56713491e-02 -8.41292847e-02 -4.92275488e-02 4.60163428e-01 2.15309978e-03 -2.16663521e-01 -1.67805590e-01 6.61010853e-02 1.37179351e-01 -2.97104237e-01 1.77781807e-01 2.00850561e-01 3.64134932e-02 1.07575412e-02 1.80196406e-01 -6.68710138e-02 1.17529553e-01 1.01723006e-01 3.42248721e-01 1.42291901e-01 -1.77335388e-01 2.76675918e-01 2.02713105e-01 -2.65645692e-01 -2.16321692e-01 1.25369561e-02 7.44397369e-02 4.92142797e-02 4.26013256e-02 1.92258890e-01 1.31417257e-01 3.10967381e-01 -2.81927482e-01 5.24536955e-02 -3.00925817e-01 -2.07229310e-01 -4.42953287e-02 1.05299667e-01 -7.46848044e-02 -2.99433117e-01 1.05633764e-01 -1.19398163e-03 -2.51312511e-01 -3.00034843e-01 1.66042037e-01 -1.79857871e-01 5.11581850e-02 -2.86304741e-01 -4.23556620e-02 -1.69256292e-01 8.75205303e-01 -2.22918740e-01 -2.03303091e-01 1.02698490e-01 -3.52850014e-01 -1.83088645e-01 -1.12036513e-01 9.97956887e-02 -9.46268427e-02 -4.53173899e-02 1.25770377e-02 1.66477387e-02 -3.52342949e-01 1.44624740e-01 1.27007852e-01 3.38279947e-01 -1.58395259e-01 -3.25317491e-01 4.33612390e-02 5.95369591e-02 -3.53686611e-01 2.89600748e-01 -3.10408203e-01 4.97980904e-02 4.44205717e-01 -1.64242692e-01 -2.94722439e-01 -1.74063584e-01 -2.20280766e-01 -4.73779432e-02 -3.17343490e-01 5.64906463e-02 -3.72180831e-03 -1.42246291e-01 3.11293481e-02 1.29488463e-01 -3.30868588e-01 1.08748871e-01 -2.19565229e-01 1.96855474e-01 2.58412572e-01 -3.04877302e-01 2.40967556e-01 -3.42170269e-02 -3.03206372e-01 -2.34025478e-01 -2.55790525e-01 5.54944295e-02 -2.51427607e-01 -2.33326342e-01 -8.59766191e-02 2.14142507e-02 -3.24702408e-01 -2.31434512e-01 -1.77822601e-01 -3.65434856e-01 -9.49977720e-02 -2.87109565e-01 -3.17912370e-01
 3.41806445e-04 -8.86693137e-03 -7.61050876e-03 3.00410023e-02 -4.82053400e-02 6.49067019e-02 -6.52786917e-02 7.79042839e-02 1.28655970e-01 -8.35446352e-02 6.94123630e-02 1.13829053e-01 -7.88866248e-02 1.00000000e+00 2.60664885e-02 2.61313400e-02 4.81460622e-02 1.10664802e-02 -9.16718726e-02 -4.64994055e-02 -6.19623676e-02 4.16650985e-02 -9.82120906e-02 -3.45436240e-02 3.24442362e-02 -2.59011331e-03 -1.42055816e-02 -9.81181063e-02 1.00613222e-01 -3.90928889e-02 5.15866413e-02 6.28391725e-02 -7.05688922e-02 -4.82789152e-03 4.67921066e-02 1.01261810e-01 -7.64728672e-02 4.62718355e-02 5.81185258e-02 -1.85338819e-02 1.26012415e-01 -2.96513918e-02 2.95904423e-02 5.18830653e-02 -4.56119323e-02 2.91424902e-02 8.78400583e-05 -4.10977606e-02 -1.42780744e-02 -9.96014917e-02 -9.69076818e-02 -8.00301410e-02 -6.89976357e-02 2.96241452e-02 -4.31239072e-02 -3.08000759e-02 -1.09635605e-01 -1.18837513e-01 1.74250398e-02 6.34959329e-02 7.81887099e-02 -2.92748166e-02 -3.00332318e-02 -2.29183858e-02 -7.02121765e-02 2.19722980e-02 -5.56767420e-02 4.79399638e-02 -4.83217312e-02 -2.26651100e-02 1.03651619e-01 -1.25394594e-02 -7.09804472e-02 8.87977392e-03 1.40575642e-02 -7.21220114e-02 2.67914581e-02 -8.16557938e-02 6.33554542e-02 8.06508225e-02 -8.09904249e-02 4.67508594e-02 2.67580682e-01 -7.71951369e-02 4.54844773e-01 -2.02061855e-02 7.59487004e-03 -2.55842241e-02 -2.75424776e-03 -6.00134272e-03 -4.52132298e-02 -4.47270289e-02 2.84084573e-02 -6.22025106e-02 -2.68802091e-02 -4.11383094e-02 -1.88735500e-02 -1.25275512e-02 -1.33509079e-01 1.07906066e-01 -1.13826646e-01 3.07755431e-02 1.82453833e-02 -2.12778343e-02 -8.29665984e-02 -4.45690858e-02 4.52819533e-02 -1.45783287e-02 3.38722333e-02 -4.59826657e-02 -3.93610616e-02 1.71387666e-01 -1.71511584e-02 -2.47963444e-02 9.59804806e-03 -1.85693296e-02 7.99285368e-02 2.51323886e-03 -5.50866568e-02 -6.64254174e-02 -9.40064401e-02 -7.71253409e-02 -4.45551159e-02 -7.63609737e-02 -5.20151185e-02 -6.49141783e-02 4.09339159e-02 -1.07899648e-01 -1.27283855e-01 -6.67644601e-02 5.03770350e-02 -2.03276529e-02 3.40954558e-02 8.24372621e-02 -2.96593008e-02 -5.61785357e-02 7.35314518e-02 -1.07830051e-01 2.18624507e-02 4.20899561e-02 -6.65403687e-02 2.17525744e-02
 -6.81299667e-03 1.30193836e-01 -3.13427727e-02 -4.99505697e-03 2.66735044e-01 -8.32276306e-02 -1.96060770e-01 9.38370587e-02 -9.27055627e-02 2.94726314e-01 -1.05625164e-01 -9.70571418e-02 -1.97984330e-01 2.60664885e-02 1.00000000e+00 2.00709041e-01 1.08577620e-01 1.63153534e-01 -1.64425672e-01 -1.70431936e-01 2.34603716e-02 -7.44166555e-03 -1.51123983e-01 -1.61515776e-01 -8.68206232e-02 1.96593709e-01 -1.38625327e-01 -2.43785810e-01 1.00054196e-02 1.17968877e-01 -8.37939222e-02 -9.78921984e-02 1.06788666e-01 -1.70244666e-01 -2.44539628e-03 9.16348488e-02 -1.19652312e-01 -1.76127001e-02 1.35377019e-01 2.12439421e-01 2.55551328e-02 -1.40229806e-01 1.45489344e-01 -2.19790599e-01 -1.71809608e-01 -4.93583364e-02 -7.11361472e-02 -3.74868212e-02 -3.79519959e-02 -1.90213318e-01 -1.21550710e-01 -1.54472108e-01 -2.07067761e-01 8.70500115e-02 -2.15408520e-01 -5.70822723e-02 4.56303479e-02 3.10308916e-02 -4.50266630e-02 -1.37218881e-01 -3.25144986e-02 -5.03319489e-02 -2.13881081e-01 -3.00299755e-02 -1.90345341e-01 1.72951736e-01 -2.04081151e-02 1.84736356e-01 7.38025561e-02 2.65329467e-02 -8.74351775e-02 1.68371271e-02 1.66846261e-01 -2.87774964e-02 8.90935412e-03 2.73444155e-01 2.15038550e-01 -2.27632956e-01 1.77438234e-01 -1.26899904e-01 2.18831226e-01 1.25435656e-02 1.55176727e-02 -1.79936879e-01 1.69331718e-01 8.71638950e-01 1.57084449e-01 1.43825544e-01 1.82775816e-01 -7.48391927e-02 -9.11786259e-02 3.32558809e-02 -7.45232234e-03 -8.72069954e-02 1.08072000e-01 1.56438406e-01 -3.73000410e-02 -1.37974670e-01 -2.75559856e-01 6.08452999e-02 1.32055192e-01 -3.34313736e-02 -7.98746502e-02 1.56535365e-01 -2.53665045e-01 1.13008714e-01 -3.55591877e-03 -1.30021319e-01 1.75865219e-01 1.49024160e-01 2.21530313e-01 1.63483266e-01 4.12395392e-02 1.83707131e-01 -1.54471037e-01 -7.19793140e-02 1.24691001e-01 -6.04017532e-02 -7.68161701e-02 1.34314546e-01 -1.89098232e-01 9.48570732e-02 -1.09444979e-01 -2.32193032e-01 2.27332082e-01 -2.28318014e-01 -2.76629308e-02 7.40155355e-02 3.87538021e-02 1.20734893e-01 -8.46036405e-02 2.16667954e-01 1.49740550e-01 2.89150393e-02 8.95287309e-02 1.79324104e-01 8.93240934e-02 7.07171877e-02 2.24824768e-01 -6.14086402e-03 1.02473671e-01 1.72754060e-01
 -1.47803518e-01 -1.39599502e-01 -1.92369978e-02 -6.14763575e-02 -9.61404903e-02 9.37241140e-02 7.96378752e-02 -5.71023106e-02 5.88180884e-02 -1.71943330e-01 8.43923152e-02 7.59394441e-03 1.90672450e-02 2.61313400e-02 2.00709041e-01 1.00000000e+00 -4.53935780e-02 -6.00829141e-02 8.48545803e-03 -6.57814659e-02 -1.47466816e-01 -3.78030479e-02 -1.02074119e-02 9.80542368e-02 -1.78539574e-02 -5.66349861e-02 -1.17465284e-02 3.24430467e-02 3.84007303e-02 -7.33743894e-02 5.74301762e-02 5.51954129e-02 -1.57530606e-01 -3.53835768e-03 -5.92836357e-02 1.50706915e-01 1.00456650e-01 -3.34229350e-02 6.96291499e-04 -9.91440967e-02 8.88574529e-02 6.80369133e-02 -1.38916148e-01 2.20685405e-03 4.61368170e-02 1.22537977e-01 2.68902680e-02 1.29186010e-01 -5.07609202e-02 3.65200569e-03 2.29078051e-02 5.05013861e-02 4.26768398e-02 -3.47205419e-02 5.06902347e-02 6.16495487e-02 -2.01574465e-01 -1.76799303e-01 -1.92825132e-02 1.30994448e-01 2.84181634e-02 5.08245707e-02 2.20375006e-02 1.33025468e-02 1.91131883e-02 -9.14233036e-02 -1.45590281e-01 -6.97183386e-02 -1.46276539e-02 -1.60038345e-01 1.90927159e-01 -1.61440731e-01 -1.47094422e-01 2.13541330e-02 -7.84377094e-02 -1.62588517e-01 -1.46052713e-02 9.66528229e-02 -1.02950531e-01 8.05113801e-02 -1.44942637e-01 2.85418841e-02 -6.21272749e-02 2.58074332e-02 -8.52955973e-02 1.89632730e-01 8.12906592e-01 -1.51281392e-01 -7.18887499e-02 -5.45559922e-02 -1.09586187e-01 -9.49104631e-02 -6.45097817e-02 -5.33865836e-02 -1.09351317e-01 -1.73924355e-01 1.01460072e-01 3.62165586e-04 -5.38410407e-03 4.14979862e-02 -1.54193338e-01 1.52096400e-02 2.72897644e-02 -1.67187586e-01 -1.16995676e-02 -1.45717544e-01 1.07198589e-01 6.03138705e-02 4.19038884e-03 -1.02516349e-01 -1.05775264e-01 -7.85728939e-02 1.24340748e-02 -1.54845555e-01 -4.91423238e-02 9.17024241e-03 -3.56906197e-02 3.74988506e-02 1.12324175e-01 -1.35733575e-01 4.24219111e-02 -1.47191193e-01 8.52681140e-02 2.10592646e-03 -1.34982302e-01 2.61925676e-02 1.32686698e-01 -2.08390691e-01 -1.98188441e-01 -1.50660598e-01 1.30407162e-01 -1.61207921e-01 -3.81469058e-02 -9.90137493e-02 -1.02022668e-01 -1.27235274e-01 3.89353103e-02 -1.77945399e-01 -3.58786735e-02 4.95049826e-02 -1.73585167e-01 -2.20658985e-02
 -1.51724345e-02 2.97250286e-02 -2.21211668e-02 3.49033309e-03 1.03818951e-01 -8.17662026e-03 -9.21074442e-02 2.39837601e-02 -5.41655219e-03 8.98089492e-02 -3.90310484e-02 -1.76023831e-02 -2.22743189e-01 4.81460622e-02 1.08577620e-01 -4.53935780e-02 1.00000000e+00 3.19708585e-02 -1.08470601e-01 -1.51223349e-02 -6.34416404e-02 1.08549500e-01 -5.07309084e-02 -1.00585587e-01 3.70296121e-02 1.02012753e-01 -1.98870931e-04 -1.29477492e-01 3.35805121e-02 1.58996783e-01 -8.98356461e-02 -1.02069587e-02 2.00709387e-01 -7.47987199e-02 1.30247664e-01 8.27081775e-03 -1.66839684e-01 -9.17184344e-03 4.91597426e-02 4.14703538e-02 -6.83835908e-03 8.53911210e-03 1.73557787e-02 -3.62097321e-02 -1.28945757e-01 -3.21987659e-02 2.58835343e-03 -6.48790957e-02 3.26626898e-03 -1.65414516e-02 -3.03312195e-02 -1.36909295e-01 -1.88840995e-03 7.94040195e-02 -2.06264230e-01 -7.09906676e-02 7.44026206e-02 -1.43822397e-02 3.53608982e-02 3.81512617e-03 1.15689340e-02 -5.60141002e-02 -1.56448463e-01 -3.59174198e-02 -1.39134193e-01 6.05771172e-02 1.08838856e-01 8.87135019e-02 4.92422487e-02 -6.00544342e-02 -7.92393916e-02 2.68305624e-02 8.63321773e-02 -3.58317546e-02 1.45636645e-03 6.75489132e-02 1.58289990e-01 -1.34219123e-01 7.04792736e-02 -5.81485666e-02 7.04607469e-02 2.10014393e-02 4.09471784e-02 -2.17839632e-01 1.27344970e-01 1.08242565e-01 -8.36691836e-02 8.72064287e-02 3.44455219e-02 1.14036459e-02 6.90347110e-03 2.49423280e-02 1.43929523e-01 2.09445388e-02 4.53921267e-02 1.12949829e-01 -9.07837818e-02 1.74287114e-03 -1.61112241e-01 5.28451993e-02 8.83839178e-02 -5.51302729e-02 3.50096872e-02 2.31412537e-01 -9.79089420e-02 2.12942106e-02 -4.45800176e-02 -1.73271685e-01 1.02927229e-01 7.81101066e-02 3.44312151e-02 6.10386239e-02 3.33794113e-02 9.07159147e-03 -1.61912893e-02 -6.31342737e-02 1.16995385e-01 -3.78907412e-02 -9.41215076e-02 6.09306519e-02 -2.86039338e-02 8.64314335e-02 -1.01014166e-01 -5.60929924e-02 5.84469800e-02 -2.19527397e-01 6.23154999e-03 4.74140477e-02 1.18972809e-02 7.92235697e-02 1.62539503e-02 6.16781389e-02 3.91895231e-02 2.05973957e-02 4.98427293e-02 7.26037437e-02 3.37876378e-02 6.21074300e-02 7.76419220e-02 3.23606913e-02 3.40003229e-03 7.75313423e-02
 9.34285510e-02 2.44910576e-01 1.48554682e-01 -4.23573582e-02 1.99503817e-01 -1.19481803e-01 -8.52058187e-02 1.02594740e-01 -6.02173225e-02 2.46588910e-01 -2.18563507e-02 -7.78480041e-02 -1.73331697e-01 1.10664802e-02 1.63153534e-01 -6.00829141e-02 3.19708585e-02 1.00000000e+00 -1.84414092e-01 -8.29945756e-02 1.54786041e-01 -7.91104991e-02 -1.54994571e-01 -4.88379596e-02 -8.21551547e-02 8.30075631e-02 -1.26594265e-01 -9.58838871e-02 6.09712859e-02 1.47881304e-01 -7.84534722e-02 -6.58145439e-02 1.36019781e-01 -7.82738091e-02 6.51652997e-02 -4.30805647e-02 -9.80372684e-02 -3.85776749e-02 7.88317273e-02 1.02097080e-01 -7.59741343e-02 -1.71929431e-01 8.35018920e-02 -1.85951219e-01 -8.76182354e-02 -1.78064195e-01 9.26734677e-03 -1.56940216e-01 -2.60882254e-02 -1.75724467e-01 -1.90379310e-01 -1.25834024e-01 -1.06497477e-01 4.42523652e-02 -1.65519876e-01 -1.53335903e-01 1.33418889e-01 7.35946492e-02 -8.42269637e-02 -5.00416460e-02 -9.31760246e-02 -8.75456955e-02 -1.31290486e-01 -3.50110423e-02 -1.27331785e-01 1.51887562e-01 -5.84223932e-02 1.64689160e-01 8.01882279e-02 1.14210583e-01 -8.35016780e-02 1.21417810e-01 2.63248778e-01 9.13323048e-02 -4.62657641e-02 1.62609546e-01 1.83940228e-01 -9.13906407e-02 1.58876417e-01 -1.01556931e-01 1.54759628e-01 8.29903059e-02 7.11100495e-02 -1.76011152e-01 1.49451092e-01 1.63545947e-01 -8.92834292e-02 6.82428021e-02 9.02607797e-01 -6.77828128e-02 -5.01960101e-03 9.40179713e-02 -4.57707627e-02 -1.14726141e-01 2.98601981e-01 1.52809929e-01 -8.35788707e-02 -1.25608648e-01 -1.66087607e-01 8.41320238e-02 1.64345833e-01 -5.14510002e-03 -1.20490332e-01 1.72219718e-01 -1.64996638e-01 8.64665820e-02 -9.86479804e-02 -1.57046744e-01 3.19054897e-02 1.81534841e-01 9.45855116e-02 1.44954858e-01 2.55310498e-02 9.10280061e-02 -1.57501825e-01 3.34162484e-03 5.56106586e-02 -2.08788090e-02 -1.97537715e-01 1.29366269e-01 -1.85500285e-01 2.88106440e-02 -9.23679709e-02 -1.25426177e-01 1.07748724e-01 -1.98778603e-01 -1.06660776e-01 1.40260509e-01 6.13975452e-02 1.13921490e-01 -2.12171302e-02 1.66506381e-01 1.26651407e-01 6.96803172e-02 1.51093332e-01 1.61068355e-01 6.19661794e-02 3.73328219e-02 1.71052016e-01 -8.62733801e-03 1.52302718e-01 1.51656688e-01
