 7.93905100e+21 2.61134123e+12 1.04768410e+19 1.59826956e+15 3.53236217e+09 4.30672934e+09 1.51501126e+22 1.20057552e+09 4.42813415e+12 1.05705896e+08 1.38455644e+18 1.18531491e+15 8.22709463e+27 3.89729099e+11 5.31029000e+05 1.08461371e+11 1.76794165e+09 5.05442849e+12 3.35652470e+15 3.98479704e+20 1.63913101e+20 7.37452795e+15 1.38809659e+15 2.57598557e+21 6.13283647e+13 3.45005141e+09 4.44704676e+18 1.91915048e+23 4.01897848e+13 2.74727706e+10 3.84234495e+16 3.83770211e+11 9.33544400e+06 1.00777798e+19 5.15275911e+15 2.25305650e+07 6.70105035e+25 1.08592298e+16 2.16185000e+05 1.00000000e+00 4.37406532e+13 3.30205784e+17 5.60852610e+07 7.64179325e+19 1.08446272e+19 6.41710000e+04 7.67738956e+16 2.64503146e+14 5.35956346e+15 5.61074866e+14 7.77479621e+14 6.56963919e+21 8.81975471e+19 1.16779900e+06 5.65175466e+23 1.60565239e+12 7.68058579e+13 1.00723052e+14 2.03017344e+14 3.71317720e+15 1.79625600e+07 3.53692379e+14 7.35657469e+20 1.49503866e+13 4.91369226e+24 2.07535752e+09 2.98600334e+16 4.60148070e+07 1.12071837e+13 5.88965035e+18 1.17832397e+17 3.92648994e+18 7.51262524e+08 1.82470603e+18 9.16888855e+15 2.43549578e+09 9.91140000e+04 5.00140012e+21 1.66093679e+08 5.56543397e+12 8.00000000e+01 1.22100093e+16 1.70406210e+14 2.08715909e+27 9.89501400e+08 3.20558000e+05 1.08461371e+11 5.49000000e+02 2.41072767e+12 7.64331663e+12 4.23980337e+20 6.72568222e+15 5.19781411e+15 1.46268970e+14 1.20982019e+17 2.52263400e+06 8.27880639e+12 1.68017068e+19 1.84597576e+28 7.64881271e+11 1.73710920e+07 3.90034945e+15 5.73060512e+12 3.38867000e+05 1.17786975e+24 4.07263700e+07 8.20192835e+09 5.60531341e+26 7.52384610e+10 5.00000000e+00 1.00000000e+00 9.49087600e+06 1.92310063e+15 5.29300000e+04 1.29471146e+18 1.36400709e+17 8.76300000e+03 4.81139951e+15 1.13648882e+15 1.08584500e+06 6.58145257e+15 2.61494641e+10 6.29312714e+19 1.34415466e+22 2.21000000e+02 3.88297663e+23 1.59238531e+10 1.12433395e+11 3.21429883e+12 2.12362001e+09 1.14267408e+15 7.53000000e+02 1.35675423e+10 5.54519334e+15 5.65220679e+12 2.64873300e+06 1.09654614e+08 8.73432875e+12 1.32374890e+07 1.70311269e+14 6.53408996e+11 2.58780810e+07
 2.61134123e+12 2.84046927e+15 7.64941009e+15 7.16941979e+10 2.86717276e+12 7.19960789e+08 1.99645259e+19 1.95402201e+12 4.35054667e+08 9.64016271e+09 4.38462878e+13 7.04612379e+10 2.39195654e+18 5.29220618e+08 3.91972300e+06 2.22780205e+09 1.52687250e+08 1.55999803e+12 1.92865439e+12 4.70139689e+13 7.44403880e+13 1.31726565e+10 4.12209871e+09 1.27253993e+19 1.23899493e+11 1.02509850e+09 4.74724870e+12 1.29289910e+16 2.74813066e+11 6.69430066e+11 1.64564118e+13 1.00729396e+09 1.15946000e+05 3.44688797e+11 1.44702833e+09 2.23861200e+06 4.09353902e+20 6.43649266e+11 1.06721123e+08 1.00000000e+00 1.92456383e+11 3.84114226e+11 2.29131000e+05 4.65776251e+11 2.99848128e+16 7.00000000e+00 1.00344642e+13 2.19500913e+09 2.47723667e+10 6.95211205e+08 1.56108171e+09 4.63852621e+16 3.76848064e+13 7.13320000e+04 1.38637554e+15 1.95795586e+10 2.57757522e+08 2.43864149e+08 1.48009690e+08 5.31045464e+12 1.59442144e+09 3.41650470e+11 1.79988199e+14 8.85676215e+12 1.27353118e+16 8.75641600e+06 2.48457200e+06 1.83974500e+06 8.38849810e+07 3.92199962e+12 5.12525729e+11 6.04177379e+11 4.80245232e+10 3.13871299e+15 1.02872716e+11 2.68177226e+09 2.80891000e+05 1.28250019e+17 1.85898447e+10 4.54773355e+08 7.48100000e+03 1.71188578e+12 7.30787211e+09 1.29074620e+18 3.46687650e+07 3.38987800e+06 2.22780205e+09 2.10000000e+01 4.56079287e+11 1.08571246e+09 1.88130922e+14 1.11158552e+11 9.78544221e+10 1.17509784e+09 2.98543712e+15 4.15787000e+05 1.14372365e+13 1.76033654e+13 2.24097647e+19 4.60551086e+10 5.34897170e+07 2.29040138e+13 2.95896678e+09 2.42770000e+04 5.88371579e+13 1.32500000e+03 3.52136527e+08 5.39520431e+18 4.02309552e+09 1.89803000e+05 1.00000000e+00 4.93130000e+04 6.51656119e+12 2.70600000e+04 8.58227069e+09 8.43558840e+12 4.45000000e+02 3.86062707e+11 9.27855758e+08 3.50290000e+04 2.26630189e+09 1.11987500e+06 9.15084251e+13 2.45982242e+15 2.82000000e+02 8.14719592e+14 1.35265789e+08 4.01469800e+06 9.89019730e+07 6.74640000e+05 3.09309975e+12 1.07800000e+04 5.57862480e+07 5.00104241e+11 2.16869432e+13 1.29912000e+05 2.27781000e+05 2.24392970e+07 2.72535800e+06 6.52417038e+08 2.45898934e+08 2.31829000e+05
 1.04768410e+19 7.64941009e+15 7.67561513e+28 3.76386410e+16 3.93044404e+13 2.32336251e+12 1.31991053e+33 4.23352356e+13 6.27553488e+12 1.58842617e+14 2.03452842e+21 8.39763135e+15 3.63072800e+29 2.85035908e+12 1.27575495e+11 5.48902608e+14 2.47021781e+11 9.61704365e+16 7.53676529e+19 3.50540558e+21 4.57081801e+21 7.44040210e+14 3.36327132e+17 4.32923611e+32 1.06227564e+16 1.81350481e+13 3.17557234e+20 3.79419246e+27 7.55478231e+15 5.31299062e+13 5.60012137e+19 9.50560112e+12 1.37451091e+09 6.83856038e+19 2.96627989e+14 8.33225400e+06 2.53189467e+29 3.19903602e+15 4.15810000e+05 8.16000000e+02 5.80134003e+14 6.25057360e+16 8.37872400e+06 9.92695821e+16 5.76990281e+25 5.13300000e+03 1.69950394e+19 4.37340780e+14 4.59142347e+18 1.23274218e+17 2.68427948e+15 1.33510869e+26 2.53318262e+22 7.29174813e+09 9.47923077e+21 2.73631606e+15 1.72339811e+13 3.29429662e+13 1.53318219e+10 4.96514005e+19 2.56817844e+11 5.23405797e+18 8.32344043e+22 2.82739347e+20 8.39705082e+24 1.23166337e+11 9.42295342e+11 2.93686181e+08 8.38066499e+10 1.63441780e+20 5.21834772e+18 2.81376692e+18 2.24669361e+11 1.96012358e+27 1.90891679e+17 6.27809911e+11 2.42362000e+06 1.59743319e+29 2.35868847e+12 4.39309778e+12 4.48040000e+04 7.53333211e+18 1.59947817e+15 2.03963839e+29 3.49490650e+10 1.15364740e+11 5.04270460e+14 8.82000000e+02 5.94826680e+16 5.24632123e+15 9.95634439e+21 3.34336768e+17 2.01635892e+16 5.48390644e+15 2.70181757e+25 9.02921800e+07 3.24953948e+19 1.66084167e+21 2.27293348e+33 2.31495665e+14 3.35186022e+09 1.03445241e+19 4.55592877e+13 1.71267110e+07 2.34156478e+23 1.01118000e+05 1.55380446e+09 9.26706176e+28 2.05107714e+10 3.08000000e+02 9.69000000e+02 3.62854500e+06 3.69024951e+16 3.94739000e+05 2.97158529e+14 5.57714567e+21 6.55820000e+04 2.90177447e+17 1.59103027e+15 4.14553000e+05 1.10125843e+18 2.32585997e+09 5.39866513e+20 9.81342132e+25 4.22390000e+04 1.95918164e+22 6.80385681e+12 5.98282241e+09 2.03620844e+13 2.71191600e+06 1.77486650e+19 2.48354000e+05 4.65826126e+11 1.42454495e+18 6.68852654e+20 1.75838310e+07 8.30515451e+08 8.14810236e+11 5.46755920e+07 6.57075663e+11 2.93971249e+12 1.92561356e+08
 1.59826956e+15 7.16941979e+10 3.76386410e+16 4.29312029e+26 6.74849480e+09 1.72489885e+09 1.98648338e+19 2.89099298e+08 1.51066435e+12 1.37383247e+08 1.10763186e+12 2.45934315e+16 1.40043807e+22 1.43140181e+10 1.66305425e+08 9.72648785e+08 1.44656145e+10 1.83230556e+11 9.24989386e+16 3.02694878e+18 3.01641331e+15 2.20336659e+14 9.92813834e+16 5.23179574e+18 8.37394716e+14 5.50707485e+10 7.32296027e+16 4.07922074e+20 1.76270887e+10 6.61010003e+10 1.28670685e+16 4.36320356e+12 2.16153231e+09 1.59770071e+18 1.09628305e+12 5.40922900e+06 2.18865746e+21 2.26516001e+13 2.82344000e+05 1.00000000e+00 6.48803176e+13 1.25254845e+15 4.50681645e+09 2.98277619e+16 2.28989145e+18 4.36800000e+03 5.59057783e+15 5.10107811e+12 1.10878198e+14 3.28118807e+18 6.48158318e+17 1.77130062e+23 4.04635722e+18 9.04256440e+07 6.07264159e+21 4.21107863e+14 6.92332233e+12 7.34571370e+12 1.60563109e+14 6.56164995e+13 4.84001551e+12 1.39304855e+17 8.65393123e+22 8.36493367e+15 6.06423573e+22 2.50300220e+10 4.80832829e+13 3.41361300e+06 4.21943449e+11 2.26527265e+15 1.77589697e+15 8.42808145e+14 4.01040288e+08 5.55107289e+16 1.37294976e+24 6.14535974e+08 1.01736000e+05 6.28642864e+20 6.32444620e+07 1.70491670e+11 5.06000000e+02 1.24832547e+11 7.33363405e+12 1.47619728e+22 9.15470355e+09 5.69001240e+07 9.72648785e+08 1.72900000e+04 1.59040400e+11 8.00783222e+14 1.49454247e+17 3.35809570e+13 3.86182314e+14 6.37180812e+15 9.77283909e+14 2.17914310e+07 1.26909462e+14 2.46033338e+16 5.77463997e+24 5.11192392e+10 5.83269018e+08 1.59425186e+15 4.56904497e+14 3.01285000e+06 8.11907438e+20 1.92102820e+07 1.45222136e+08 7.33368596e+23 1.16597308e+10 1.20000000e+01 1.00000000e+00 2.11414830e+07 5.19624000e+13 1.99163100e+06 5.40981762e+15 5.38416693e+17 1.05000000e+02 6.08278894e+15 1.40060957e+13 1.71045000e+05 4.11271737e+18 4.64216960e+12 2.65550347e+19 4.97283059e+19 3.70000000e+03 5.34979693e+21 8.48041992e+11 1.96015328e+09 8.98449181e+12 6.16691653e+10 7.51862730e+12 4.26422000e+05 1.36301629e+10 1.53220766e+13 3.28931638e+13 3.48429000e+05 4.92513971e+10 4.07169004e+11 1.61487200e+06 1.17000644e+12 2.29426514e+09 2.87993670e+07
 3.53236217e+09 2.86717276e+12 3.93044404e+13 6.74849480e+09 4.67965173e+17 5.03558670e+07 1.21430105e+14 6.40144155e+13 2.97188000e+06 2.53793934e+12 8.52260072e+09 3.64874812e+08 4.60832134e+15 6.83222200e+06 2.30159663e+08 1.60689110e+09 1.36035695e+08 1.09974396e+10 1.68667474e+13 9.14630253e+11 3.25057422e+10 1.00866044e+09 2.22046323e+11 3.04131041e+13 2.98167461e+11 2.35968444e+10 3.10795434e+10 2.97301122e+13 3.94865911e+10 2.79178799e+12 3.96756555e+11 4.71304273e+10 1.87477000e+05 2.95542834e+10 8.13243770e+07 4.06039900e+06 9.24274453e+17 5.31663578e+11 3.21221414e+09 5.42640000e+04 4.98917579e+09 9.40503037e+12 8.87864000e+05 2.39698515e+09 3.76179201e+16 5.48200000e+03 6.62766152e+10 2.78665518e+11 3.49157384e+09 5.53888595e+09 2.19889893e+10 1.04100882e+15 1.59804667e+11 4.71339000e+06 2.85052096e+12 1.40444112e+11 2.52145840e+07 3.28884610e+07 6.59079640e+07 1.53341124e+09 1.54328679e+12 6.14888647e+10 4.26776227e+12 3.43378129e+15 2.40486874e+12 1.56319900e+07 1.44311800e+06 5.26795000e+05 5.20456257e+08 7.38099944e+09 2.83531317e+11 3.11410468e+09 1.13974046e+09 1.71376247e+13 1.88219696e+10 7.35528143e+11 2.17466000e+05 3.53855146e+13 2.32271678e+12 3.08260000e+06 3.07292000e+05 1.92471228e+09 2.66901180e+07 9.21463585e+15 1.27261300e+06 1.69616535e+08 1.39986514e+09 6.00000000e+01 3.38252991e+09 8.41311176e+09 5.13977571e+11 1.41729805e+09 1.92168006e+09 3.06039529e+10 1.27310007e+11 4.62920000e+05 2.24660490e+14 2.50418890e+10 6.49543103e+15 3.32463490e+10 1.37296245e+08 9.30400505e+11 7.67381356e+09 1.26660000e+04 1.83681481e+12 2.93000000e+03 4.80038420e+07 2.91754693e+14 1.03701313e+11 4.69426500e+06 7.46130000e+04 1.43360000e+04 3.38992904e+13 9.38900000e+04 2.59417711e+08 5.99489114e+10 2.70950000e+04 1.96373344e+10 9.64651374e+10 2.11380000e+04 3.59034054e+09 5.58323860e+07 2.81369215e+13 2.50085737e+12 6.90400000e+03 6.44940110e+12 1.79486474e+08 1.59646000e+05 2.20579990e+07 6.46088400e+06 6.82432782e+08 7.18703000e+05 2.69690900e+06 1.14720698e+09 2.38993834e+15 1.18210000e+04 3.95668600e+06 1.42791455e+08 1.73014700e+06 3.59134286e+09 2.86854000e+06 1.65444400e+06
 4.30672934e+09 7.19960789e+08 2.32336251e+12 1.72489885e+09 5.03558670e+07 1.03680656e+38 1.10781574e+16 1.09785054e+11 5.31445201e+17 4.40831700e+07 1.23252776e+11 2.13975350e+14 1.49382783e+13 7.20727760e+12 8.04719233e+09 1.39194545e+14 1.34415220e+10 6.18949986e+09 3.14943908e+13 3.70348403e+11 1.56805059e+10 9.22923902e+11 8.03960593e+10 2.77428062e+15 2.12501517e+12 6.05402136e+10 6.15888081e+13 3.61473313e+11 2.37320196e+14 5.87832334e+09 5.10415210e+12 1.37646810e+12 2.31019852e+08 1.20712909e+08 1.84905042e+09 3.24138648e+15 2.56067245e+15 1.03232250e+10 8.01611104e+08 3.11163665e+08 9.01227538e+14 4.22079693e+13 1.68522580e+07 2.84322017e+13 4.00313572e+12 9.13779400e+11 3.95212240e+10 6.17154855e+13 2.07223860e+07 5.22164040e+08 1.04909883e+10 2.69569326e+13 2.67696305e+11 5.05087093e+10 3.03488508e+11 4.74004656e+14 6.07531400e+06 3.03929000e+05 1.76770100e+06 4.11352052e+12 3.97427039e+09 6.71283145e+12 3.64069914e+17 5.36974513e+10 1.91896757e+13 3.81625345e+08 2.30146000e+05 4.62227218e+08 1.01559105e+10 3.67128684e+09 2.08074260e+16 9.84096342e+08 2.65965000e+06 1.31927898e+12 6.69884761e+08 1.97525500e+06 5.03076212e+18 1.11080010e+14 5.48290872e+09 8.46073068e+18 3.51000000e+02 9.20947248e+09 5.21412381e+13 9.55602768e+12 1.65888495e+12 1.85746309e+09 6.67054453e+13 2.57154000e+06 1.24155612e+09 1.89214762e+09 9.02171902e+11 2.90472681e+08 2.00190752e+12 5.92606411e+09 4.38884443e+12 2.03225250e+07 3.37268241e+15 1.74474859e+14 3.37809207e+14 4.15944086e+15 3.78052700e+06 9.40051154e+12 7.56989540e+12 1.43045099e+08 1.39609900e+10 2.16032000e+05 1.56852371e+16 5.22714473e+16 3.80192790e+07 2.58900000e+03 5.65722720e+08 1.49442183e+09 1.47221976e+10 1.25244100e+06 3.37357237e+12 4.20199548e+10 1.86525800e+06 6.14212262e+08 1.65116590e+12 4.47000000e+02 8.12302587e+08 2.27098000e+05 1.53517960e+12 3.60930353e+13 6.17514000e+05 5.02499342e+11 4.87922034e+14 3.27166000e+05 1.89553000e+05 8.60000000e+02 5.68734829e+11 1.29090000e+04 2.99886711e+09 4.06392127e+12 1.11637407e+11 3.44640000e+04 6.18831442e+09 7.03277000e+05 1.24962803e+10 3.01559012e+10 2.20178900e+06 3.63072870e+07
 1.51501126e+22 1.99645259e+19 1.31991053e+33 1.98648338e+19 1.21430105e+14 1.10781574e+16 4.41249170e+50 5.41368444e+14 1.38772788e+17 5.51474651e+16 1.30037630e+28 1.19364904e+21 4.64522340e+34 2.87543297e+15 1.25947902e+11 1.05178213e+17 1.88962376e+15 5.84312735e+21 8.82395144e+20 4.30207679e+25 4.52010217e+25 2.52280620e+16 1.36420363e+18 3.98541115e+47 6.73575136e+19 7.89527514e+16 1.77937319e+25 2.45898609e+33 6.91000894e+18 3.43868146e+16 1.18278147e+23 4.46008966e+12 5.98533067e+13 1.56269948e+22 3.13408768e+15 1.30199090e+07 2.33154196e+36 8.79705946e+16 4.39500000e+04 1.00000000e+00 2.70283482e+17 2.34997495e+18 2.67324600e+06 3.93214338e+17 1.93649034e+33 2.52000000e+02 1.90470594e+24 1.90807136e+16 4.37112843e+19 1.11426368e+20 6.72323066e+18 1.05061936e+33 1.99414679e+28 1.15445906e+11 6.49276695e+24 1.32455971e+17 3.03717408e+15 6.16672364e+13 1.00035928e+09 9.76145043e+26 9.22637348e+10 1.50876317e+24 2.21822241e+28 9.60837693e+24 3.50636440e+32 7.16102308e+13 6.19027755e+09 2.77332648e+09 8.19542562e+09 8.04594459e+22 1.34204493e+22 2.00472742e+21 2.38821418e+13 3.00691616e+31 1.42551967e+19 5.48832630e+11 2.36287170e+07 2.69724119e+43 1.52746816e+13 1.46639848e+17 1.75210000e+04 2.54012163e+24 3.80027021e+20 8.34649556e+33 1.61915437e+13 1.25947902e+11 1.05178213e+17 1.63690000e+04 3.77149586e+21 2.91729350e+16 5.91325560e+25 7.98128575e+20 1.15016953e+19 1.83250719e+15 9.56392328e+35 1.25433653e+09 8.39869255e+24 1.04649887e+26 2.94435224e+43 5.57116309e+17 1.10504359e+11 1.11359489e+23 4.09304432e+14 4.32700364e+10 1.08139812e+28 8.51000000e+03 1.50714747e+10 9.75378932e+34 1.33776380e+10 6.00000000e+00 1.00000000e+00 9.16895000e+05 4.19047804e+17 1.97180000e+04 1.19500123e+14 6.79125205e+27 1.00000000e+00 5.33563987e+20 1.54528250e+15 1.05484000e+05 5.56288831e+22 4.06716556e+08 4.40817305e+24 1.21920110e+33 1.86510000e+04 7.50465211e+23 3.06577508e+13 3.12434090e+10 5.75214820e+14 2.01600000e+03 4.02777165e+25 9.88000000e+03 1.09436474e+14 3.69197698e+21 5.49225146e+25 2.90021928e+09 6.76867446e+10 6.86418376e+10 3.35103541e+08 2.21446123e+09 3.46509299e+13 3.99225464e+08
 1.20057552e+09 1.95402201e+12 4.23352356e+13 2.89099298e+08 6.40144155e+13 1.09785054e+11 5.41368444e+14 3.02288625e+22 1.79383621e+10 3.60971098e+12 9.46284354e+11 7.99201843e+11 3.84505898e+16 2.17178186e+11 1.57623270e+08 2.66658235e+09 5.54789380e+07 1.35675954e+11 2.34390533e+15 5.14014983e+10 1.68095545e+10 1.40819113e+08 2.16300729e+10 4.58143430e+14 1.36743765e+12 1.95372892e+11 7.80635078e+10 4.74832398e+11 6.19970438e+13 3.38984450e+11 2.14921868e+11 8.00949969e+12 4.15658000e+05 3.09667061e+08 5.49112800e+06 1.81007800e+08 5.08887572e+16 6.75658391e+11 9.63303372e+09 1.47472590e+07 2.36118166e+12 1.69600291e+12 7.48111000e+05 1.27152690e+11 1.73343780e+16 6.92310000e+04 1.06512612e+11 6.12969010e+11 1.87251986e+08 1.98473700e+07 7.53192049e+08 1.48812059e+14 1.51318193e+10 7.93120135e+09 1.35883404e+11 6.36466740e+12 1.64785300e+06 3.78042400e+06 6.20919000e+06 4.53454728e+11 1.33375592e+14 1.03638739e+12 3.01450147e+15 3.38977916e+16 2.95460990e+12 4.27611430e+07 3.11900000e+03 6.29626380e+07 1.51430921e+08 1.78275736e+09 4.09782341e+13 1.36317872e+09 7.48419565e+08 1.58510498e+13 2.90365427e+08 1.14415203e+10 1.70498440e+07 1.74510056e+13 5.66590692e+16 7.98838560e+10 8.72750000e+04 8.12922120e+10 1.76296409e+11 3.88911120e+16 6.18861587e+09 2.81303837e+08 7.22715269e+09 3.33950000e+04 1.74029578e+10 1.09943525e+11 1.08159043e+11 2.10576786e+09 1.17851490e+09 1.18459450e+09 1.06117409e+12 3.61822700e+06 9.46945532e+15 1.64270042e+11 5.58596578e+13 4.58310337e+12 1.85246840e+07 7.35154080e+11 1.39630125e+11 2.47222000e+05 7.42919247e+09 1.16500000e+03 1.96342192e+09 1.33901821e+15 8.87107533e+09 4.36584300e+06 1.95305110e+07 7.49904900e+06 1.04680373e+11 3.02287000e+05 6.31340336e+09 1.12867352e+10 1.68445000e+06 9.26274419e+09 3.14365883e+12 3.14100000e+03 1.38959030e+07 8.83080900e+06 1.74679338e+11 2.91466832e+11 5.04702000e+05 9.06963071e+10 5.04849615e+09 6.65480000e+04 8.00754000e+05 6.52100000e+03 2.82424793e+11 9.76659200e+06 9.35062980e+07 3.30759954e+11 1.43898293e+16 1.99490000e+04 1.99909295e+08 1.75649200e+06 1.73622740e+07 2.42171042e+09 1.88828900e+06 1.73752200e+06
 4.42813415e+12 4.35054667e+08 6.27553488e+12 1.51066435e+12 2.97188000e+06 5.31445201e+17 1.38772788e+17 1.79383621e+10 9.90799094e+28 1.30750400e+06 1.22306558e+16 3.30759470e+16 1.14612187e+16 5.37804709e+12 1.55881000e+05 4.30909442e+10 2.07177471e+08 9.74978253e+09 1.16750790e+12 3.55267618e+13 1.08762244e+12 1.69015719e+11 1.68051769e+10 8.14402205e+15 9.78804051e+12 1.43700473e+10 1.57605353e+13 5.03590499e+14 9.94440187e+12 7.24140580e+07 3.16267829e+12 6.16096479e+11 2.50427200e+06 1.05320560e+12 6.62980429e+10 8.99144837e+11 6.94770946e+15 5.40460977e+12 7.22764500e+06 5.58009000e+05 1.95255537e+13 8.79683831e+11 4.87670400e+07 3.64032294e+11 8.84876918e+13 8.18848523e+11 4.59689714e+13 3.23574200e+11 1.44812702e+09 3.29554419e+08 3.07907021e+11 6.34711007e+15 1.44262409e+14 5.36559707e+09 1.23229835e+15 3.68372779e+13 2.58247551e+08 5.68275616e+08 9.26073930e+07 3.87665380e+16 1.20185400e+06 2.73286454e+13 8.88974206e+21 6.99168208e+11 5.54991476e+15 2.45014221e+11 1.26200000e+03 7.97370830e+07 1.12585349e+10 1.74942629e+11 8.67673003e+14 5.06512193e+11 6.54344500e+06 4.54616880e+12 4.90067031e+10 7.51709000e+05 2.05041172e+10 4.70735665e+18 7.02724114e+09 1.15091898e+23 1.60000000e+01 2.35904520e+14 4.40402220e+15 2.77360363e+15 2.33912336e+10 1.00547000e+05 1.80009447e+11 4.88700000e+03 2.42134809e+09 7.19420799e+09 1.60262284e+12 2.75824836e+11 1.32162982e+12 7.41747220e+07 8.65432766e+12 1.20855800e+06 1.33064770e+13 6.08246754e+12 7.50117787e+16 2.65437262e+13 1.20884800e+06 8.18284702e+12 3.75109395e+12 1.76084000e+05 5.66031857e+15 1.92253600e+06 1.40823534e+13 2.23318385e+17 5.10519302e+08 1.15200000e+03 5.54967000e+05 3.05174500e+07 5.36787630e+07 1.40180000e+04 1.51379133e+10 1.54758656e+12 3.16099970e+08 2.52487971e+14 1.49448830e+11 3.55700000e+03 7.26169454e+10 1.11095050e+07 5.43478859e+13 5.66394352e+14 2.44730000e+04 3.95435123e+14 6.20413670e+12 2.55366000e+05 3.91583249e+08 1.27110000e+04 4.17994815e+16 2.76000000e+03 2.23481907e+10 7.19670606e+12 2.71455588e+09 1.42354000e+05 2.72314691e+12 3.92817500e+06 3.29134630e+07 1.06700000e+10 6.81985000e+06 2.32062760e+07
 1.05705896e+08 9.64016271e+09 1.58842617e+14 1.37383247e+08 2.53793934e+12 4.40831700e+07 5.51474651e+16 3.60971098e+12 1.30750400e+06 3.53769115e+13 4.13955476e+09 1.43071500e+07 2.84259198e+14 2.94188300e+06 2.61033289e+08 4.98910070e+07 2.54768380e+07 8.13181505e+09 7.90787640e+11 2.19578615e+10 2.55578140e+09 8.54587300e+06 1.97183431e+10 2.40861493e+16 7.97873814e+09 1.09359018e+10 1.32712307e+10 3.95688273e+12 3.18038686e+09 9.86104524e+09 4.52623075e+09 3.10604232e+09 1.19318000e+06 3.07542709e+09 2.85118600e+06 1.87220000e+04 4.59034457e+14 6.72343510e+09 4.10819000e+05 1.30750400e+06 2.51474420e+07 1.03277136e+10 7.35000000e+02 2.36384840e+07 5.03540969e+15 2.30000000e+01 4.47184426e+09 4.17877016e+10 5.92525739e+08 1.47823671e+09 9.59234603e+08 1.26046269e+13 2.84939489e+10 3.07009240e+07 1.50304593e+08 4.21121096e+10 1.09861700e+06 5.22314000e+05 2.62500000e+03 1.80604917e+09 1.53495236e+11 5.12923860e+10 4.45418690e+09 7.78354893e+16 1.14573488e+11 1.71284870e+07 2.43100000e+04 8.42160000e+04 1.17876200e+06 4.09906431e+08 3.43437822e+09 5.46217110e+07 2.69563940e+07 7.10171829e+13 1.37383247e+08 4.10357967e+09 4.58150000e+04 5.00385226e+14 6.20381298e+11 1.30750400e+06 1.74335000e+05 6.38513227e+08 1.00150050e+07 6.89310649e+14 1.08527900e+06 2.61018615e+08 3.51084920e+07 5.50000000e+01 8.64151417e+09 1.01593802e+09 4.06606254e+10 1.14778268e+08 5.45740770e+07 2.40595646e+09 2.28213237e+13 1.46795000e+05 2.18902976e+14 2.31859443e+10 1.77419806e+15 2.57960111e+09 3.73219400e+06 9.23150854e+09 6.55061350e+07 9.66680000e+04 8.47207749e+10 1.00000000e+01 3.53560000e+04 5.62901730e+11 1.94001012e+08 2.30220000e+04 2.04297500e+06 1.05500000e+03 4.51320029e+10 3.43300000e+03 2.03484700e+06 1.12696713e+11 1.00100000e+04 1.19556948e+09 2.14440279e+10 2.76000000e+02 5.86455409e+08 6.75149000e+05 8.95059248e+09 3.60248514e+12 2.40340000e+04 1.97376233e+08 1.62961800e+06 5.69140000e+04 1.25813800e+06 1.48000000e+02 2.04379879e+09 4.46380000e+05 6.50816000e+05 2.17329212e+08 1.01414360e+17 2.18020000e+04 1.67870300e+06 1.64612900e+06 4.20210000e+04 2.40748400e+06 6.27133000e+05 4.51880000e+04
 1.38455644e+18 4.38462878e+13 2.03452842e+21 1.10763186e+12 8.52260072e+09 1.23252776e+11 1.30037630e+28 9.46284354e+11 1.22306558e+16 4.13955476e+09 6.68094359e+31 1.02852515e+18 1.15565855e+25 2.59217124e+14 3.76450800e+06 6.77191769e+14 5.05229903e+09 1.18488487e+14 1.18147372e+15 2.44035912e+18 5.25709566e+18 2.37415802e+12 1.22690960e+11 4.74805632e+27 2.87484476e+13 1.68643034e+12 3.86188157e+16 8.52125961e+21 7.62897563e+14 1.53509819e+11 3.14130432e+16 1.99995236e+11 2.18949000e+05 6.68820461e+16 3.21483297e+14 1.45840492e+10 1.29527183e+26 4.70547231e+15 7.20124000e+05 1.00000000e+00 9.55005379e+14 4.19168030e+12 1.25731000e+06 8.05399763e+12 8.62963525e+20 8.17075250e+10 4.25719043e+19 6.01740548e+10 1.52133987e+14 1.34317754e+08 8.98454806e+09 2.06115960e+22 1.81555300e+18 7.30414934e+08 7.86724377e+19 5.89590671e+12 1.27930801e+10 7.62470751e+11 1.28965600e+07 1.16037445e+20 1.76400000e+03 8.37631544e+15 1.24103630e+22 7.78207029e+14 4.01383500e+22 1.31983551e+11 2.56600000e+03 4.06402750e+08 1.39175829e+09 7.19560191e+16 5.00233544e+17 5.31214923e+16 5.94847534e+09 1.63495526e+20 1.81743322e+12 8.19346205e+08 1.72275000e+05 1.49418849e+26 1.06239318e+12 3.08118729e+16 1.75000000e+02 1.80691506e+27 2.02451412e+17 3.92527206e+24 6.05005526e+10 1.10205800e+06 6.77191769e+14 3.50000000e+01 1.33624634e+14 6.42884051e+11 1.75592950e+18 9.65070473e+16 1.08218398e+14 9.60165522e+08 3.26957646e+21 7.00596700e+06 2.69608140e+17 1.05502423e+17 3.23944231e+26 7.32919337e+13 7.38583670e+07 7.22329075e+16 1.40430045e+12 1.28140000e+04 9.90354128e+20 7.51710000e+04 9.76389681e+12 8.70982029e+24 1.77437790e+11 1.60000000e+02 1.00000000e+00 1.24048200e+06 2.49286947e+11 6.08800000e+03 2.93374083e+09 2.43420144e+17 2.97669200e+07 2.70131683e+17 1.51784165e+13 1.17314000e+05 4.34237418e+10 2.43892400e+06 1.78744410e+18 6.68604246e+20 2.70070000e+04 5.33317114e+19 5.65831492e+11 4.35245200e+06 7.94284010e+10 2.14500000e+03 1.88614875e+19 3.10000000e+01 2.03561495e+12 1.63942539e+17 2.79477063e+14 6.02439500e+06 2.56872146e+09 3.11138212e+08 2.32693360e+07 3.56808742e+09 1.12175780e+10 1.13402494e+08
 1.18531491e+15 7.04612379e+10 8.39763135e+15 2.45934315e+16 3.64874812e+08 2.13975350e+14 1.19364904e+21 7.99201843e+11 3.30759470e+16 1.43071500e+07 1.02852515e+18 2.85062412e+29 5.99196986e+19 1.18622884e+16 1.87002489e+08 1.85360594e+13 2.52791744e+11 7.74154655e+11 4.78505949e+17 8.53965238e+18 7.39109869e+14 8.20710480e+13 1.77727090e+15 7.57883585e+19 5.36232928e+17 9.26791590e+12 5.65044768e+16 3.28391426e+20 7.03906218e+15 9.25335016e+08 8.48577367e+16 1.79473011e+15 9.58005962e+09 1.36481446e+17 5.73746889e+12 1.86924018e+11 7.41830080e+21 6.43663358e+16 1.28061458e+09 1.00000000e+00 5.07452598e+18 4.40409076e+14 3.25754908e+11 3.54969786e+14 3.54486398e+19 1.05302084e+09 7.91943607e+18 9.81277217e+09 8.19673764e+11 1.09519198e+12 8.36415601e+13 2.32849239e+22 5.34145619e+17 1.08631549e+09 3.25467022e+21 2.28618599e+15 3.75405052e+11 9.41162452e+10 3.74212178e+11 8.92336098e+17 5.32090120e+07 4.73553236e+18 2.31081978e+32 1.00899861e+16 1.59242555e+21 2.79101826e+12 3.70000000e+01 2.41125266e+09 2.24521824e+12 5.71726338e+15 7.30464546e+20 9.77078879e+14 5.30676793e+08 3.94126512e+15 2.69859075e+16 3.44576030e+07 1.91994580e+07 1.97903948e+26 6.93989909e+10 3.09878797e+16 2.20000000e+01 1.28409390e+16 3.00857452e+23 3.21470021e+19 9.73985485e+13 3.25905330e+07 1.85360594e+13 1.36748040e+07 2.02627436e+11 2.88654945e+13 3.54689220e+15 5.83863631e+14 9.86299044e+14 4.44983690e+11 7.98446573e+15 1.05650725e+08 3.52221139e+16 9.28232662e+14 4.37044025e+21 1.46178579e+15 9.77547430e+07 4.16178667e+17 1.50190499e+18 2.18394050e+07 4.56840987e+22 6.62490300e+06 6.23058534e+11 1.39786474e+26 7.87229548e+11 2.24800000e+03 1.00000000e+00 3.15992227e+09 5.22227732e+09 3.80919000e+06 2.69183652e+13 3.09024057e+19 3.21050000e+04 2.48157700e+17 4.53949478e+11 7.67710000e+04 8.90435602e+14 2.18334112e+12 3.84120323e+20 1.29427867e+17 2.21790000e+04 6.75332658e+22 4.06650417e+14 7.34137700e+06 2.32774435e+12 1.57817810e+07 1.92599017e+17 2.57700000e+03 8.27401694e+13 4.54477470e+15 5.75601463e+12 5.75224000e+05 1.26244498e+14 2.50572280e+07 3.86480874e+08 6.31919503e+12 8.08997000e+07 1.00555486e+10
 8.22709463e+27 2.39195654e+18 3.63072800e+29 1.40043807e+22 4.60832134e+15 1.49382783e+13 4.64522340e+34 3.84505898e+16 1.14612187e+16 2.84259198e+14 1.15565855e+25 5.99196986e+19 7.06359809e+51 1.90037840e+16 7.22945730e+10 5.37582656e+15 2.25438877e+11 5.77761667e+18 2.39060082e+23 9.79955109e+28 6.07623004e+29 6.50789180e+21 3.21811240e+21 2.94815749e+34 1.30290782e+18 4.86973849e+14 1.25627405e+26 1.34742092e+35 9.56422871e+19 5.73655844e+14 8.16665442e+25 4.18212893e+17 1.39146710e+07 3.65872539e+25 4.74823038e+19 1.05831861e+11 1.36550604e+40 2.29464670e+22 7.08259124e+08 1.65031008e+09 1.58113505e+21 3.34284352e+25 2.02599759e+11 4.78390588e+28 5.65782026e+28 1.05512840e+07 1.26265374e+24 3.23917014e+22 1.20994503e+22 3.57681431e+19 1.59399510e+21 3.90276420e+35 2.20248502e+28 2.25723236e+10 7.96000158e+34 6.30696194e+21 1.17181024e+18 5.51919465e+18 3.12626884e+20 6.73310187e+23 2.30322389e+15 1.60835444e+21 2.37972413e+30 1.24482723e+24 1.77221104e+37 9.14373670e+12 3.77452551e+24 2.12861374e+11 1.41685904e+16 7.19280443e+26 1.00388521e+25 4.51095732e+25 6.75163066e+12 1.48100181e+28 2.06428691e+23 5.84012170e+14 6.69852700e+06 1.44337980e+31 7.77470208e+13 1.97207738e+16 3.28280000e+04 1.09908916e+22 7.83263286e+17 1.29593745e+48 2.17699368e+13 2.43004558e+11 3.10445253e+17 5.88000000e+02 1.97942745e+18 4.44229670e+18 1.21753822e+30 2.49076723e+22 6.77898779e+21 3.23996585e+21 3.17239091e+26 5.08212450e+08 7.65221225e+21 2.49807787e+27 4.40277094e+42 1.34107258e+17 6.21180700e+09 1.43044330e+23 5.79678346e+19 7.41125000e+05 1.23719037e+32 2.13323699e+09 3.25054017e+15 3.23990112e+41 1.90002641e+14 9.62500000e+03 1.94779775e+09 2.32585538e+11 6.02309271e+22 1.11855512e+08 1.69228001e+25 1.07639851e+24 3.62280153e+09 2.27818278e+21 3.54615420e+23 2.94081260e+07 6.60577625e+19 1.66374169e+13 2.48919191e+29 4.83312158e+31 3.43089000e+05 1.10206115e+35 1.78481931e+15 1.68580340e+14 2.00776639e+16 5.00411663e+12 1.34466107e+22 1.74973448e+08 5.96246186e+13 1.11944839e+23 8.13210924e+22 1.46327920e+08 1.09889378e+12 6.69461007e+18 3.84033712e+09 2.53742038e+18 3.82636440e+16 2.71539062e+10
 3.89729099e+11 5.29220618e+08 2.85035908e+12 1.43140181e+10 6.83222200e+06 7.20727760e+12 2.87543297e+15 2.17178186e+11 5.37804709e+12 2.94188300e+06 2.59217124e+14 1.18622884e+16 1.90037840e+16 2.05771269e+24 1.65893610e+07 5.19441290e+11 5.09825781e+08 1.86545070e+10 3.46914727e+12 6.82968504e+11 5.55906540e+11 7.28056585e+09 3.83545457e+08 1.50815223e+15 9.50956881e+11 1.92836214e+08 3.24820870e+12 1.83223981e+13 8.43796283e+12 5.12146600e+06 1.06826543e+13 7.65682465e+11 8.91019000e+05 1.93789961e+10 9.49087349e+10 4.96787552e+10 1.54211263e+16 2.60853050e+12 1.11608901e+08 6.74000000e+02 1.20851488e+15 6.41664940e+11 3.30823949e+08 3.15176517e+11 1.53865675e+15 1.57042089e+10 9.85750814e+11 1.55793684e+10 2.22005105e+08 4.76286800e+06 1.86689840e+07 1.11423417e+16 4.28409137e+11 8.63815600e+06 3.57084014e+14 1.34680950e+11 1.78737960e+07 1.76093120e+07 8.93723080e+07 1.32744188e+14 1.59897772e+10 1.59644627e+12 8.19575725e+17 1.37154831e+11 1.78576844e+15 1.89939351e+08 7.03000000e+02 2.02801843e+08 7.97626600e+07 8.65108583e+10 4.65853772e+16 2.88047266e+10 4.12727900e+06 8.97806125e+11 9.85249276e+09 1.97687600e+06 8.86871600e+06 6.93095379e+14 9.76220790e+09 4.66183175e+12 4.60000000e+01 1.01633452e+13 8.05420644e+14 4.68781990e+15 1.11211168e+16 1.88286000e+06 1.02162045e+12 3.68780000e+04 5.14418919e+09 6.06292468e+08 4.89128614e+11 9.51888166e+09 6.22404866e+10 1.47865920e+07 2.40397990e+12 2.00706300e+06 3.36076025e+11 4.76304292e+12 1.82035807e+15 2.09909530e+12 4.08690000e+04 2.76846736e+12 2.48422853e+12 8.90488000e+05 1.83101168e+13 9.56033000e+05 6.31261674e+11 1.71761346e+19 1.85893086e+09 7.72000000e+02 1.71000000e+02 6.70124348e+10 3.77085724e+08 1.02556800e+06 4.89708976e+09 9.50911607e+10 9.65004700e+06 1.22741908e+11 2.51499783e+10 1.83100000e+03 1.09938760e+07 5.56158000e+05 3.19228271e+13 1.29609933e+13 3.41000000e+03 3.16174078e+14 6.36535365e+10 2.17963000e+05 5.14134300e+06 1.03620000e+04 7.10942241e+13 1.13200000e+05 3.12645217e+09 3.43245090e+12 1.30912999e+10 2.41800000e+04 7.14101391e+10 3.00917000e+05 1.85950080e+07 9.77893020e+08 9.88009600e+06 1.34399595e+08
 5.31029000e+05 3.91972300e+06 1.27575495e+11 1.66305425e+08 2.30159663e+08 8.04719233e+09 1.25947902e+11 1.57623270e+08 1.55881000e+05 2.61033289e+08 3.76450800e+06 1.87002489e+08 7.22945730e+10 1.65893610e+07 2.29931142e+19 1.76084355e+18 3.43628770e+07 1.97511111e+08 3.36654225e+10 8.28316000e+06 2.77466400e+06 1.19385510e+07 9.62456600e+06 7.40114708e+10 9.60129420e+07 7.09613626e+09 3.47557072e+08 3.92990606e+08 8.50720010e+07 4.88990000e+05 3.29279599e+08 1.03930510e+07 3.01710000e+04 1.86933440e+07 1.40671000e+05 3.85012692e+09 1.97002579e+14 1.07386346e+08 1.28095000e+05 1.55040000e+04 6.48032211e+10 7.56754484e+08 2.45310000e+04 1.75165000e+05 5.93059110e+09 7.18625100e+06 2.84502781e+08 1.17656149e+12 2.92412300e+06 5.53985000e+05 2.24799760e+07 1.48022946e+12 1.86958920e+07 2.40176600e+06 1.24948649e+08 8.89218504e+11 2.41110000e+04 1.47960000e+04 1.09415000e+05 9.51525000e+05 9.26980880e+07 2.19454514e+09 8.32294400e+06 1.75993416e+11 5.94311957e+09 1.66903000e+05 1.28700000e+03 3.54162000e+05 4.68875100e+06 9.93189000e+05 1.66005725e+11 2.17939000e+05 1.23329000e+05 2.89901767e+11 1.66305425e+08 8.96213400e+06 1.80299400e+06 7.09356742e+09 5.99980720e+07 1.20404000e+05 1.40900000e+03 1.19878000e+06 8.51707300e+06 4.33721370e+10 1.48476000e+06 3.82053003e+17 2.14459850e+17 1.68000000e+02 1.66729915e+08 4.03066270e+07 1.25428400e+07 4.22465000e+05 2.66417680e+07 3.30679400e+06 1.09145187e+09 9.69300000e+03 1.20052062e+14 4.80575901e+08 1.59430884e+10 8.82811290e+07 1.14140000e+04 3.66114277e+08 1.95024690e+07 2.11220000e+04 9.90616960e+07 5.49000000e+02 4.08101019e+08 5.31793612e+14 3.69493601e+08 1.12000000e+02 2.03490000e+04 3.57970500e+06 1.73588575e+09 1.28000000e+04 3.69740000e+04 2.65288680e+07 7.82800000e+03 2.00122803e+08 1.27578802e+10 1.06000000e+02 1.26159600e+06 1.59939000e+05 6.70462111e+10 1.02811407e+09 1.01180000e+04 1.10328334e+08 1.99337503e+09 3.24300000e+03 3.03270000e+04 4.21200000e+03 1.57744920e+07 1.71940000e+04 3.04945000e+05 8.78383000e+05 2.13002642e+11 1.66000000e+03 3.91300000e+04 1.95080000e+04 1.71424400e+06 6.51555240e+07 1.45460000e+04 7.38522000e+05
 1.08461371e+11 2.22780205e+09 5.48902608e+14 9.72648785e+08 1.60689110e+09 1.39194545e+14 1.05178213e+17 2.66658235e+09 4.30909442e+10 4.98910070e+07 6.77191769e+14 1.85360594e+13 5.37582656e+15 5.19441290e+11 1.76084355e+18 2.49351318e+35 2.50917277e+08 1.83386887e+12 2.34073468e+11 7.09900405e+12 9.71932830e+11 5.33680510e+07 1.10109810e+08 4.17381130e+16 2.17660744e+10 3.22221291e+11 4.89784247e+10 2.96570502e+14 4.99319577e+13 6.21637760e+08 2.02265240e+13 6.84558267e+10 2.07971000e+05 2.38101072e+10 3.51281748e+09 1.50003793e+13 5.76809029e+20 8.94468950e+09 9.62597750e+08 1.54000000e+03 2.23283442e+13 1.75448271e+14 3.69694600e+06 1.00044101e+10 6.01551649e+14 1.93917519e+12 6.72740110e+14 5.31150053e+16 1.54135831e+08 7.80060400e+06 2.14448252e+08 5.24320200e+18 4.97338817e+12 1.67395100e+06 2.80622822e+14 9.62150472e+14 1.05211144e+08 2.08456076e+08 3.61045800e+06 5.66300281e+14 3.46400000e+03 2.10342766e+12 8.26196982e+19 1.65233709e+11 5.88519827e+14 1.63079356e+09 1.00000000e+00 8.26380899e+09 6.18171193e+10 1.09043600e+12 1.77238427e+20 1.48312842e+11 1.54558770e+07 1.06917157e+15 2.16182145e+09 2.57432630e+07 1.71622997e+09 7.23896500e+17 2.67338010e+07 3.05414852e+10 6.10000000e+01 2.27221604e+13 1.71370596e+12 1.07244546e+15 4.87311298e+08 8.17612507e+17 1.69273331e+34 5.52000000e+02 2.95831647e+11 1.49489059e+08 7.19525164e+11 3.73918630e+11 1.08389825e+09 5.26540000e+05 2.97492513e+13 1.90430000e+04 8.09999190e+16 1.62273632e+10 8.94228797e+15 2.73559208e+13 2.63106100e+06 2.86941250e+12 4.05498720e+10 7.03500000e+03 2.37787392e+13 5.61000000e+03 1.33419888e+13 5.24732434e+19 1.85158339e+10 1.23900000e+03 1.14000000e+03 1.40993510e+07 8.56118220e+12 2.64800000e+03 3.75364150e+07 2.61083865e+13 7.02940000e+04 9.34525417e+12 1.61383151e+15 4.62100000e+03 3.59085056e+09 5.55788000e+05 1.70897664e+16 1.84978708e+13 4.03000000e+02 2.00630531e+15 2.79340653e+14 1.05318000e+05 1.23387004e+08 8.89600000e+03 2.46919408e+14 3.56000000e+02 1.36773608e+10 2.43149474e+11 1.91768762e+09 7.45630000e+04 1.05092428e+10 1.52979000e+05 7.08823780e+10 7.61148873e+11 5.31173500e+06 1.42258072e+10
 1.76794165e+09 1.52687250e+08 2.47021781e+11 1.44656145e+10 1.36035695e+08 1.34415220e+10 1.88962376e+15 5.54789380e+07 2.07177471e+08 2.54768380e+07 5.05229903e+09 2.52791744e+11 2.25438877e+11 5.09825781e+08 3.43628770e+07 2.50917277e+08 5.41599202e+20 4.12882663e+08 1.22903070e+11 2.58851867e+12 1.73231840e+08 1.21420781e+13 7.98687329e+10 4.71352115e+13 1.58015364e+12 1.39641950e+08 1.57459991e+13 4.09660379e+12 1.18838952e+09 2.19134739e+09 3.01718861e+09 8.66008841e+09 4.49214696e+10 5.72836002e+10 1.18297009e+10 1.20855772e+08 5.70141705e+13 5.80750726e+08 2.06121600e+06 2.00000000e+00 5.38835042e+11 4.51319066e+14 1.42501000e+05 5.88769632e+11 3.62611829e+12 1.26913766e+08 1.00145915e+11 5.06364893e+09 4.15227466e+09 1.24722780e+16 4.72833264e+12 1.71656144e+13 3.06272821e+13 1.84333765e+08 7.95468834e+08 1.53918912e+12 4.64007574e+08 7.65827700e+06 8.06609548e+08 7.30564358e+11 5.20005538e+08 3.19197071e+12 1.70019384e+13 1.80171748e+11 1.31009796e+13 2.06130800e+06 7.52008054e+09 1.61253800e+06 1.28037476e+08 7.27172953e+08 5.68253600e+10 6.89520399e+08 4.51577100e+06 3.91051360e+11 7.27963172e+09 4.28736000e+06 5.65547200e+06 1.10879192e+14 1.64760560e+07 4.13284374e+08 6.37000000e+02 6.27878239e+08 3.09679885e+09 2.40384047e+11 1.40582704e+08 1.85799150e+07 2.28557256e+08 2.00171000e+05 2.68374662e+08 1.21676492e+09 7.44738557e+11 1.34779188e+08 6.74484723e+12 6.30053050e+10 1.48075786e+11 3.06964400e+06 7.78368686e+10 4.99166127e+12 4.63202307e+15 1.02864453e+09 1.16448060e+07 6.76905181e+09 4.33408709e+11 1.17595866e+09 2.90120708e+14 1.84100000e+04 2.80316651e+08 5.42839260e+13 1.30614773e+08 2.14000000e+03 1.00000000e+00 5.75592000e+05 1.97214670e+11 2.89400000e+03 1.66997334e+11 1.88722008e+10 1.52776030e+07 1.46194398e+10 8.36341568e+09 1.10470000e+04 1.95436484e+15 2.40217710e+07 1.54055078e+11 4.02779642e+15 7.51400000e+03 1.58743055e+09 5.71270072e+10 7.00250400e+06 2.70725090e+07 4.11363000e+05 7.01483230e+10 2.08200000e+03 1.10417370e+07 2.17703364e+09 6.24000431e+10 2.90000000e+04 5.09209900e+06 3.64320440e+07 6.34958000e+05 1.15366056e+09 3.97210000e+05 3.12070000e+05
 5.05442849e+12 1.55999803e+12 9.61704365e+16 1.83230556e+11 1.09974396e+10 6.18949986e+09 5.84312735e+21 1.35675954e+11 9.74978253e+09 8.13181505e+09 1.18488487e+14 7.74154655e+11 5.77761667e+18 1.86545070e+10 1.97511111e+08 1.83386887e+12 4.12882663e+08 6.04482598e+18 5.68002208e+12 2.26428700e+14 1.45041641e+14 8.76938226e+09 2.09409491e+10 1.53371318e+21 2.00082545e+11 5.03969699e+09 4.67163992e+13 4.71516206e+17 2.58757044e+12 2.40721639e+11 2.38975391e+13 1.56138359e+11 9.84610200e+06 5.84856596e+12 1.96117575e+11 9.04892700e+07 1.58208607e+20 3.32293047e+11 1.73487100e+06 2.00000000e+00 1.53415908e+11 3.38471635e+11 4.64822000e+05 2.18601765e+11 3.06496768e+17 2.23890000e+04 7.02679443e+13 2.61514502e+10 8.03043107e+10 2.28492743e+10 1.19151938e+10 4.09221740e+17 1.49783306e+15 7.96618400e+06 3.41823048e+14 8.80421006e+11 1.36822523e+09 3.86967496e+08 1.38790585e+08 1.54240379e+14 8.26482709e+08 3.43648384e+13 9.73978877e+16 8.01885690e+13 1.06175671e+18 4.06980203e+08 8.57015500e+06 1.13015480e+07 3.42068248e+09 8.59095620e+12 3.51577905e+13 1.77090267e+12 1.36773477e+09 2.59445684e+16 1.45452765e+11 1.76238782e+08 1.79736200e+06 1.48933883e+20 2.91541861e+09 1.29579564e+10 2.69700000e+03 5.33729286e+12 1.35283992e+11 2.63425766e+18 4.52143873e+08 1.73151341e+08 1.73217593e+12 1.87000000e+02 3.50957959e+17 1.58363754e+10 2.35221052e+14 1.31757272e+12 9.94270631e+10 3.45127248e+09 1.07999532e+17 9.13052000e+05 6.28319031e+13 6.95161755e+13 8.48936316e+20 2.91994926e+11 6.26106560e+07 2.87437333e+13 1.17671044e+11 6.22625000e+05 5.92610279e+15 1.07370000e+04 4.82364654e+09 1.20946188e+19 1.83691531e+08 7.25600000e+03 1.00000000e+00 1.53416640e+07 4.52033771e+11 1.54810000e+04 6.81961180e+09 8.60034031e+14 5.63800000e+03 3.54922573e+12 1.10314682e+10 1.30630000e+04 1.12427277e+11 1.48360500e+06 1.87693990e+14 9.91006022e+16 1.34400000e+03 2.33906992e+14 6.54505995e+09 2.05238920e+07 3.96190554e+08 1.15416000e+05 5.33450344e+13 1.00110000e+04 2.94006143e+08 4.40975918e+12 1.23819415e+14 5.32947000e+05 7.97250320e+07 1.25450260e+07 1.94355900e+06 2.33820463e+10 2.11617464e+08 2.91581900e+06
