   1.0000000e+00   0.0000000e+00   0.0000000e+00   3.5842294e-03   4.3415340e-03   4.4822949e-04   2.7027027e-03   1.4084507e-03   3.6540804e-03   7.6142132e-03   7.3081608e-03   3.5885167e-03   0.0000000e+00   0.0000000e+00   1.4265335e-03   2.9368576e-03   4.3415340e-03   1.4084507e-03   0.0000000e+00   1.3927577e-03   0.0000000e+00   0.0000000e+00   0.0000000e+00   1.4104372e-03   5.3937433e-03   2.5974026e-03   3.8314176e-03   0.0000000e+00   0.0000000e+00   6.2972292e-03   4.2372881e-03   1.4471780e-03   5.1480051e-02   1.4104372e-03   4.2796006e-03   0.0000000e+00   0.0000000e+00   7.9575597e-03   0.0000000e+00   1.3140604e-03
   0.0000000e+00   1.0000000e+00   7.4906367e-03   3.6303630e-02   0.0000000e+00   0.0000000e+00   0.0000000e+00   0.0000000e+00   1.0169492e-02   0.0000000e+00   0.0000000e+00   1.9543974e-02   0.0000000e+00   0.0000000e+00   1.1494253e-02   0.0000000e+00   0.0000000e+00   0.0000000e+00   0.0000000e+00   0.0000000e+00   0.0000000e+00   0.0000000e+00   0.0000000e+00   2.7932961e-02   1.2468828e-02   0.0000000e+00   0.0000000e+00   4.4543430e-03   0.0000000e+00   0.0000000e+00   0.0000000e+00   0.0000000e+00   0.0000000e+00   0.0000000e+00   0.0000000e+00   0.0000000e+00   0.0000000e+00   0.0000000e+00   0.0000000e+00   1.7241379e-02
   0.0000000e+00   7.4906367e-03   1.0000000e+00   1.0135135e-02   1.3245033e-02   1.6273393e-03   1.0050251e-02   1.7964072e-02   1.0714286e-02   1.2000000e-02   1.0600707e-02   0.0000000e+00   1.5384615e-02   0.0000000e+00   3.2051282e-02   0.0000000e+00   2.0000000e-02   1.7964072e-02   7.1684588e-03   1.1363636e-02   1.4814815e-02   1.2711864e-02   1.2269939e-02   1.8072289e-02   7.7319588e-03   0.0000000e+00   1.2396694e-02   2.5882353e-02   3.4176350e-03   1.1764706e-02   1.7964072e-02   2.0270270e-02   0.0000000e+00   1.1976048e-02   1.2422360e-02   1.6853933e-02   0.0000000e+00   1.3888889e-02   5.3475936e-03   1.8433180e-02
   3.5842294e-03   3.6303630e-02   1.0135135e-02   1.0000000e+00   5.8823529e-02   1.1303084e-03   8.1967213e-03   1.8957346e-02   3.3333333e-01   1.3605442e-02   1.2232416e-02   8.8235294e-03   1.1428571e-02   0.0000000e+00   1.9801980e-02   1.0810811e-02   3.1250000e-02   1.8957346e-02   6.1728395e-03   2.7649770e-02   1.1111111e-02   1.0676157e-02   9.6153846e-03   2.3923445e-02   2.8301887e-02   0.0000000e+00   2.1126761e-02   6.2761506e-03   2.0168067e-03   2.0202020e-02   1.8957346e-02   2.0833333e-02   0.0000000e+00   2.8846154e-02   5.5837563e-02   1.3452915e-02   0.0000000e+00   3.1250000e-02   3.0973451e-02   2.3076923e-02
   4.3415340e-03   0.0000000e+00   1.3245033e-02   5.8823529e-02   1.0000000e+00   1.3231889e-03   7.5268817e-02   4.5454545e-02   7.0588235e-02   2.0134228e-02   1.6483516e-02   1.5463918e-02   6.8965517e-02   0.0000000e+00   1.1111111e-01   5.1282051e-02   1.0638298e-01   4.5454545e-02   1.1235955e-02   4.0540541e-02   5.8823529e-02   1.4705882e-02   8.4745763e-02   1.4925373e-02   3.5714286e-02   0.0000000e+00   3.5971223e-02   6.0060060e-03   1.4129283e-03   3.2894737e-02   4.5454545e-02   6.3829787e-02   0.0000000e+00   4.6153846e-02   4.7619048e-01   6.6666667e-02   0.0000000e+00   8.2568807e-02   7.4074074e-02   2.5641026e-02
   4.4822949e-04   0.0000000e+00   1.6273393e-03   1.1303084e-03   1.3231889e-03   1.0000000e+00   2.1349975e-03   1.3194788e-03   1.1332362e-03   1.1387669e-03   1.1326861e-03   6.4568200e-04   3.3161996e-04   1.6428454e-04   1.1560694e-03   0.0000000e+00   1.1575988e-03   1.3194788e-03   3.2362460e-04   9.8797958e-04   6.6291018e-04   4.8883819e-04   1.1553062e-03   3.2959789e-04   5.5937350e-03   1.1428571e-03   1.6297262e-03   6.3161219e-04   1.9612886e-01   9.7513408e-04   1.3194788e-03   9.9239166e-04   3.2388664e-04   9.8944591e-04   1.3210040e-03   9.8749177e-04   0.0000000e+00   3.6077402e-03   4.9293460e-04   2.4561978e-03
   2.7027027e-03   0.0000000e+00   1.0050251e-02   8.1967213e-03   7.5268817e-02   2.1349975e-03   1.0000000e+00   1.7391304e-02   2.2222222e-02   1.0101010e-02   8.6580087e-03   0.0000000e+00   2.5974026e-02   0.0000000e+00   4.8543689e-02   0.0000000e+00   5.2631579e-02   1.7391304e-02   8.8495575e-03   1.6260163e-02   2.4390244e-02   1.0869565e-02   4.6728972e-02   0.0000000e+00   4.0000000e-02   0.0000000e+00   2.6737968e-02   7.8947368e-03   2.4339360e-03   9.8522167e-03   8.3333333e-02   2.0833333e-02   9.0497738e-03   1.7543860e-02   6.7961165e-02   1.7431193e-01   0.0000000e+00   7.7922078e-02   0.0000000e+00   1.2048193e-02
   1.4084507e-03   0.0000000e+00   1.7964072e-02   1.8957346e-02   4.5454545e-02   1.3194788e-03   1.7391304e-02   1.0000000e+00   2.0512821e-02   2.4242424e-02   2.0202020e-02   4.6948357e-03   4.3478261e-02   0.0000000e+00   5.4794521e-02   0.0000000e+00   6.1538462e-02   1.0000000e+00   1.0256410e-02   3.2967033e-02   3.9215686e-02   1.9736842e-02   3.8461538e-02   2.4096386e-02   1.6556291e-02   0.0000000e+00   2.5477707e-02   1.1494253e-02   1.0530011e-03   6.7484663e-02   4.8780488e-02   6.3492063e-02   0.0000000e+00   3.6585366e-02   3.9473684e-02   3.1914894e-02   0.0000000e+00   2.2727273e-02   1.9607843e-02   2.2388060e-02
   3.6540804e-03   1.0169492e-02   1.0714286e-02   3.3333333e-01   7.0588235e-02   1.1332362e-03   2.2222222e-02   2.0512821e-02   1.0000000e+00   1.4388489e-02   1.2861736e-02   9.2592593e-03   1.2578616e-02   0.0000000e+00   3.8251366e-02   1.1834320e-02   3.4090909e-02   2.0512821e-02   6.4935065e-03   1.4705882e-02   1.2195122e-02   1.1320755e-02   2.6455026e-02   2.5906736e-02   2.1897810e-02   0.0000000e+00   2.2388060e-02   6.4935065e-03   1.0128292e-03   1.4134276e-02   2.0512821e-02   4.6511628e-02   0.0000000e+00   1.5384615e-02   6.6666667e-02   2.9411765e-02   0.0000000e+00   3.3333333e-02   2.3584906e-02   1.2145749e-02
   7.6142132e-03   0.0000000e+00   1.2000000e-02   1.3605442e-02   2.0134228e-02   1.1387669e-03   1.0101010e-02   2.4242424e-02   1.4388489e-02   1.0000000e+00   5.5737705e-01   3.3783784e-03   1.5503876e-02   5.4054054e-03   2.5641026e-02   0.0000000e+00   2.7027027e-02   2.4242424e-02   7.1942446e-03   1.7241379e-02   3.0303030e-02   2.1459227e-02   2.5000000e-02   1.2048193e-02   1.0362694e-02   4.3668122e-03   1.6666667e-02   1.1627907e-02   2.0484807e-03   1.5810277e-02   2.4242424e-02   2.7397260e-02   7.3260073e-03   1.8181818e-02   1.8867925e-02   1.6949153e-02   0.0000000e+00   2.3474178e-02   5.3763441e-03   1.3824885e-02
   7.3081608e-03   0.0000000e+00   1.0600707e-02   1.2232416e-02   1.6483516e-02   1.1326861e-03   8.6580087e-03   2.0202020e-02   1.2861736e-02   5.5737705e-01   1.0000000e+00   3.0395137e-03   1.2345679e-02   4.5871560e-03   2.1164021e-02   0.0000000e+00   2.2099448e-02   2.0202020e-02   6.4308682e-03   1.4492754e-02   2.4242424e-02   1.8796992e-02   2.0725389e-02   1.0050251e-02   9.5465394e-03   3.8167939e-03   1.4652015e-02   1.0799136e-02   2.0256583e-03   1.3986014e-02   2.0202020e-02   2.2346369e-02   6.5359477e-03   1.5151515e-02   1.5625000e-02   1.4285714e-02   0.0000000e+00   2.0325203e-02   4.5662100e-03   1.2000000e-02
   3.5885167e-03   1.9543974e-02   0.0000000e+00   8.8235294e-03   1.5463918e-02   6.4568200e-04   0.0000000e+00   4.6948357e-03   9.2592593e-03   3.3783784e-03   3.0395137e-03   1.0000000e+00   0.0000000e+00   0.0000000e+00   4.9019608e-03   1.0869565e-02   1.5463918e-02   4.6948357e-03   0.0000000e+00   4.5248869e-03   0.0000000e+00   0.0000000e+00   0.0000000e+00   4.7169811e-03   1.8735363e-02   0.0000000e+00   2.1201413e-02   0.0000000e+00   1.0077259e-03   3.3222591e-03   4.6948357e-03   5.1546392e-03   0.0000000e+00   4.7169811e-03   1.4705882e-02   0.0000000e+00   0.0000000e+00   7.6628352e-03   0.0000000e+00   1.9230769e-02
   0.0000000e+00   0.0000000e+00   1.5384615e-02   1.1428571e-02   6.8965517e-02   3.3161996e-04   2.5974026e-02   4.3478261e-02   1.2578616e-02   1.5503876e-02   1.2345679e-02   0.0000000e+00   1.0000000e+00   0.0000000e+00   5.4054054e-02   0.0000000e+00   6.8965517e-02   4.3478261e-02   1.2738854e-02   3.7037037e-02   1.5384615e-01   1.7391304e-02   4.8780488e-02   0.0000000e+00   7.4906367e-03   0.0000000e+00   1.6528926e-02   6.4102564e-03   7.1123755e-04   1.4925373e-02   4.3478261e-02   7.4074074e-02   0.0000000e+00   4.4444444e-02   5.1282051e-02   3.5087719e-02   0.0000000e+00   2.1052632e-02   0.0000000e+00   2.0618557e-02
   0.0000000e+00   0.0000000e+00   0.0000000e+00   0.0000000e+00   0.0000000e+00   1.6428454e-04   0.0000000e+00   0.0000000e+00   0.0000000e+00   5.4054054e-03   4.5871560e-03   0.0000000e+00   0.0000000e+00   1.0000000e+00   0.0000000e+00   0.0000000e+00   0.0000000e+00   0.0000000e+00   0.0000000e+00   0.0000000e+00   0.0000000e+00   0.0000000e+00   0.0000000e+00   0.0000000e+00   0.0000000e+00   7.1895425e-02   0.0000000e+00   0.0000000e+00   3.4867503e-04   0.0000000e+00   0.0000000e+00   0.0000000e+00   0.0000000e+00   0.0000000e+00   0.0000000e+00   0.0000000e+00   0.0000000e+00   0.0000000e+00   0.0000000e+00   0.0000000e+00
   1.4265335e-03   1.1494253e-02   3.2051282e-02   1.9801980e-02   1.1111111e-01   1.1560694e-03   4.8543689e-02   5.4794521e-02   3.8251366e-02   2.5641026e-02   2.1164021e-02   4.9019608e-03   5.4054054e-02   0.0000000e+00   1.0000000e+00   0.0000000e+00   7.1428571e-02   5.4794521e-02   1.0752688e-02   3.6585366e-02   4.7619048e-02   6.5693431e-02   7.4626866e-02   5.5555556e-02   2.4054983e-02   0.0000000e+00   2.7027027e-02   1.4792899e-02   1.0563380e-03   2.4844720e-02   5.4794521e-02   7.4074074e-02   0.0000000e+00   4.1095890e-02   9.3750000e-02   7.3170732e-02   0.0000000e+00   5.0000000e-02   1.0638298e-02   2.4000000e-02
   2.9368576e-03   0.0000000e+00   0.0000000e+00   1.0810811e-02   5.1282051e-02   0.0000000e+00   0.0000000e+00   0.0000000e+00   1.1834320e-02   0.0000000e+00   0.0000000e+00   1.0869565e-02   0.0000000e+00   0.0000000e+00   0.0000000e+00   1.0000000e+00   5.1282051e-02   0.0000000e+00   0.0000000e+00   0.0000000e+00   0.0000000e+00   0.0000000e+00   0.0000000e+00   0.0000000e+00   7.2202166e-03   0.0000000e+00   1.5267176e-02   0.0000000e+00   0.0000000e+00   0.0000000e+00   0.0000000e+00   0.0000000e+00   0.0000000e+00   0.0000000e+00   4.0816327e-02   0.0000000e+00   0.0000000e+00   1.9047619e-02   0.0000000e+00   0.0000000e+00
   4.3415340e-03   0.0000000e+00   2.0000000e-02   3.1250000e-02   1.0638298e-01   1.1575988e-03   5.2631579e-02   6.1538462e-02   3.4090909e-02   2.7027027e-02   2.2099448e-02   1.5463918e-02   6.8965517e-02   0.0000000e+00   7.1428571e-02   5.1282051e-02   1.0000000e+00   6.1538462e-02   1.1235955e-02   4.0540541e-02   5.8823529e-02   2.2222222e-02   3.2258065e-02   3.0303030e-02   3.2028470e-02   0.0000000e+00   2.2033898e-01   9.0361446e-03   2.1208908e-03   2.6143791e-02   6.1538462e-02   8.6956522e-02   0.0000000e+00   4.6153846e-02   8.7719298e-02   3.8961039e-02   0.0000000e+00   7.2727273e-02   1.1627907e-02   2.5641026e-02
   1.4084507e-03   0.0000000e+00   1.7964072e-02   1.8957346e-02   4.5454545e-02   1.3194788e-03   1.7391304e-02   1.0000000e+00   2.0512821e-02   2.4242424e-02   2.0202020e-02   4.6948357e-03   4.3478261e-02   0.0000000e+00   5.4794521e-02   0.0000000e+00   6.1538462e-02   1.0000000e+00   1.0256410e-02   3.2967033e-02   3.9215686e-02   1.9736842e-02   3.8461538e-02   2.4096386e-02   1.6556291e-02   0.0000000e+00   2.5477707e-02   1.1494253e-02   1.0530011e-03   6.7484663e-02   4.8780488e-02   6.3492063e-02   0.0000000e+00   3.6585366e-02   3.9473684e-02   3.1914894e-02   0.0000000e+00   2.2727273e-02   1.9607843e-02   2.2388060e-02
   0.0000000e+00   0.0000000e+00   7.1684588e-03   6.1728395e-03   1.1235955e-02   3.2362460e-04   8.8495575e-03   1.0256410e-02   6.4935065e-03   7.1942446e-03   6.4308682e-03   0.0000000e+00   1.2738854e-02   0.0000000e+00   1.0752688e-02   0.0000000e+00   1.1235955e-02   1.0256410e-02   1.0000000e+00   9.8522167e-03   1.2345679e-02   7.5757576e-03   1.0526316e-02   0.0000000e+00   4.8076923e-03   0.0000000e+00   7.4074074e-03   1.0917031e-02   6.7544748e-04   2.5179856e-02   2.0725389e-02   2.2988506e-02   0.0000000e+00   1.0309278e-02   1.0638298e-02   9.7087379e-03   3.7037037e-02   8.1967213e-03   9.3896714e-03   1.6393443e-02
   1.3927577e-03   0.0000000e+00   1.1363636e-02   2.7649770e-02   4.0540541e-02   9.8797958e-04   1.6260163e-02   3.2967033e-02   1.4705882e-02   1.7241379e-02   1.4492754e-02   4.5248869e-03   3.7037037e-02   0.0000000e+00   3.6585366e-02   0.0000000e+00   4.0540541e-02   3.2967033e-02   9.8522167e-03   1.0000000e+00   3.3898305e-02   1.2422360e-02   2.2988506e-02   1.0869565e-02   1.9417476e-02   0.0000000e+00   1.8072289e-02   5.5865922e-03   1.7513135e-03   1.6759777e-02   3.2967033e-02   4.1666667e-02   0.0000000e+00   9.4117647e-02   3.5714286e-02   1.9417476e-02   0.0000000e+00   3.6231884e-02   0.0000000e+00   4.3165468e-02
   0.0000000e+00   0.0000000e+00   1.4814815e-02   1.1111111e-02   5.8823529e-02   6.6291018e-04   2.4390244e-02   3.9215686e-02   1.2195122e-02   3.0303030e-02   2.4242424e-02   0.0000000e+00   1.5384615e-01   0.0000000e+00   4.7619048e-02   0.0000000e+00   5.8823529e-02   3.9215686e-02   1.2345679e-02   3.3898305e-02   1.0000000e+00   1.6666667e-02   9.0909091e-02   0.0000000e+00   7.3529412e-03   0.0000000e+00   1.5873016e-02   6.3091483e-03   1.4209591e-03   1.4388489e-02   3.9215686e-02   6.2500000e-02   0.0000000e+00   4.0000000e-02   4.5454545e-02   3.2258065e-02   0.0000000e+00   2.0000000e-02   0.0000000e+00   1.9607843e-02
   0.0000000e+00   0.0000000e+00   1.2711864e-02   1.0676157e-02   1.4705882e-02   4.8883819e-04   1.0869565e-02   1.9736842e-02   1.1320755e-02   2.1459227e-02   1.8796992e-02   0.0000000e+00   1.7391304e-02   0.0000000e+00   6.5693431e-02   0.0000000e+00   2.2222222e-02   1.9736842e-02   7.5757576e-03   1.2422360e-02   1.6666667e-02   1.0000000e+00   1.3513514e-02   6.5359477e-03   8.0428954e-03   0.0000000e+00   1.3215859e-02   1.2019231e-02   1.0281014e-03   1.2500000e-02   1.9736842e-02   2.2556391e-02   0.0000000e+00   1.3157895e-02   1.3698630e-02   1.8404908e-02   0.0000000e+00   3.5532995e-02   5.8139535e-03   9.8039216e-03
   0.0000000e+00   0.0000000e+00   1.2269939e-02   9.6153846e-03   8.4745763e-02   1.1553062e-03   4.6728972e-02   3.8461538e-02   2.6455026e-02   2.5000000e-02   2.0725389e-02   0.0000000e+00   4.8780488e-02   0.0000000e+00   7.4626866e-02   0.0000000e+00   3.2258065e-02   3.8461538e-02   1.0526316e-02   2.2988506e-02   9.0909091e-02   1.3513514e-02   1.0000000e+00   0.0000000e+00   2.0270270e-02   0.0000000e+00   1.2987013e-02   8.7209302e-03   1.4069645e-03   1.8072289e-02   2.5316456e-02   3.3333333e-02   0.0000000e+00   2.5641026e-02   7.2463768e-02   5.7471264e-02   0.0000000e+00   4.0000000e-02   1.0204082e-02   1.5384615e-02
   1.4104372e-03   2.7932961e-02   1.8072289e-02   2.3923445e-02   1.4925373e-02   3.2959789e-04   0.0000000e+00   2.4096386e-02   2.5906736e-02   1.2048193e-02   1.0050251e-02   4.7169811e-03   0.0000000e+00   0.0000000e+00   5.5555556e-02   0.0000000e+00   3.0303030e-02   2.4096386e-02   0.0000000e+00   1.0869565e-02   0.0000000e+00   6.5359477e-03   0.0000000e+00   1.0000000e+00   6.5789474e-03   0.0000000e+00   1.2658228e-02   8.6206897e-03   3.5087719e-04   1.1695906e-02   2.4096386e-02   3.1250000e-02   0.0000000e+00   1.2048193e-02   1.2987013e-02   1.0526316e-02   0.0000000e+00   7.5187970e-03   9.8039216e-03   7.4074074e-03
   5.3937433e-03   1.2468828e-02   7.7319588e-03   2.8301887e-02   3.5714286e-02   5.5937350e-03   4.0000000e-02   1.6556291e-02   2.1897810e-02   1.0362694e-02   9.5465394e-03   1.8735363e-02   7.4906367e-03   0.0000000e+00   2.4054983e-02   7.2202166e-03   3.2028470e-02   1.6556291e-02   4.8076923e-03   1.9417476e-02   7.3529412e-03   8.0428954e-03   2.0270270e-02   6.5789474e-03   1.0000000e+00   5.4644809e-03   5.2341598e-02   8.8028169e-03   8.5329833e-03   2.8645833e-02   2.6755853e-02   1.4084507e-02   4.8661800e-03   2.0000000e-02   3.4482759e-02   1.9230769e-02   0.0000000e+00   7.2289157e-02   1.2461059e-02   4.3731778e-02
   2.5974026e-03   0.0000000e+00   0.0000000e+00   0.0000000e+00   0.0000000e+00   1.1428571e-03   0.0000000e+00   0.0000000e+00   0.0000000e+00   4.3668122e-03   3.8167939e-03   0.0000000e+00   0.0000000e+00   7.1895425e-02   0.0000000e+00   0.0000000e+00   0.0000000e+00   0.0000000e+00   0.0000000e+00   0.0000000e+00   0.0000000e+00   0.0000000e+00   0.0000000e+00   0.0000000e+00   5.4644809e-03   1.0000000e+00   0.0000000e+00   0.0000000e+00   1.0309278e-03   8.5836910e-03   1.3793103e-02   0.0000000e+00   7.9681275e-03   0.0000000e+00   0.0000000e+00   0.0000000e+00   0.0000000e+00   1.0309278e-02   1.2269939e-02   0.0000000e+00
   3.8314176e-03   0.0000000e+00   1.2396694e-02   2.1126761e-02   3.5971223e-02   1.6297262e-03   2.6737968e-02   2.5477707e-02   2.2388060e-02   1.6666667e-02   1.4652015e-02   2.1201413e-02   1.6528926e-02   0.0000000e+00   2.7027027e-02   1.5267176e-02   2.2033898e-01   2.5477707e-02   7.4074074e-03   1.8072289e-02   1.5873016e-02   1.3215859e-02   1.2987013e-02   1.2658228e-02   5.2341598e-02   0.0000000e+00   1.0000000e+00   7.0754717e-03   3.0843043e-03   1.6326531e-02   2.5477707e-02   2.8985507e-02   0.0000000e+00   1.9108280e-02   3.3557047e-02   1.7751479e-02   0.0000000e+00   3.9603960e-02   5.6179775e-03   4.4334975e-02
   0.0000000e+00   4.4543430e-03   2.5882353e-02   6.2761506e-03   6.0060060e-03   6.3161219e-04   7.8947368e-03   1.1494253e-02   6.4935065e-03   1.1627907e-02   1.0799136e-02   0.0000000e+00   6.4102564e-03   0.0000000e+00   1.4792899e-02   0.0000000e+00   9.0361446e-03   1.1494253e-02   1.0917031e-02   5.5865922e-03   6.3091483e-03   1.2019231e-02   8.7209302e-03   8.6206897e-03   8.8028169e-03   0.0000000e+00   7.0754717e-03   1.0000000e+00   9.6308186e-04   2.3255814e-02   8.5959885e-03   9.0909091e-03   0.0000000e+00   5.7306590e-03   5.8309038e-03   8.3333333e-03   0.0000000e+00   1.5189873e-02   1.3698630e-02   4.9875312e-03
   0.0000000e+00   0.0000000e+00   3.4176350e-03   2.0168067e-03   1.4129283e-03   1.9612886e-01   2.4339360e-03   1.0530011e-03   1.0128292e-03   2.0484807e-03   2.0256583e-03   1.0077259e-03   7.1123755e-04   3.4867503e-04   1.0563380e-03   0.0000000e+00   2.1208908e-03   1.0530011e-03   6.7544748e-04   1.7513135e-03   1.4209591e-03   1.0281014e-03   1.4069645e-03   3.5087719e-04   8.5329833e-03   1.0309278e-03   3.0843043e-03   9.6308186e-04   1.0000000e+00   1.7035775e-03   1.7562346e-03   1.7680339e-03   0.0000000e+00   1.7568517e-03   1.4079549e-03   1.0489510e-03   0.0000000e+00   5.8945908e-03   1.0463900e-03   4.8459675e-03
   6.2972292e-03   0.0000000e+00   1.1764706e-02   2.0202020e-02   3.2894737e-02   9.7513408e-04   9.8522167e-03   6.7484663e-02   1.4134276e-02   1.5810277e-02   1.3986014e-02   3.3222591e-03   1.4925373e-02   0.0000000e+00   2.4844720e-02   0.0000000e+00   2.6143791e-02   6.7484663e-02   2.5179856e-02   1.6759777e-02   1.4388489e-02   1.2500000e-02   1.8072289e-02   1.1695906e-02   2.8645833e-02   8.5836910e-03   1.6326531e-02   2.3255814e-02   1.7035775e-03   1.0000000e+00   4.8192771e-02   4.0268456e-02   0.0000000e+00   1.7647059e-02   3.0864198e-02   1.6483516e-02   1.3986014e-02   4.2056075e-02   1.2280702e-01   1.3513514e-02
   4.2372881e-03   0.0000000e+00   1.7964072e-02   1.8957346e-02   4.5454545e-02   1.3194788e-03   8.3333333e-02   4.8780488e-02   2.0512821e-02   2.4242424e-02   2.0202020e-02   4.6948357e-03   4.3478261e-02   0.0000000e+00   5.4794521e-02   0.0000000e+00   6.1538462e-02   4.8780488e-02   2.0725389e-02   3.2967033e-02   3.9215686e-02   1.9736842e-02   2.5316456e-02   2.4096386e-02   2.6755853e-02   1.3793103e-02   2.5477707e-02   8.5959885e-03   1.7562346e-03   4.8192771e-02   1.0000000e+00   1.9642857e-01   1.0526316e-02   3.6585366e-02   3.9473684e-02   3.1914894e-02   3.6363636e-02   5.4687500e-02   5.0505051e-02   2.2388060e-02
   1.4471780e-03   0.0000000e+00   2.0270270e-02   2.0833333e-02   6.3829787e-02   9.9239166e-04   2.0833333e-02   6.3492063e-02   4.6511628e-02   2.7397260e-02   2.2346369e-02   5.1546392e-03   7.4074074e-02   0.0000000e+00   7.4074074e-02   0.0000000e+00   8.6956522e-02   6.3492063e-02   2.2988506e-02   4.1666667e-02   6.2500000e-02   2.2556391e-02   3.3333333e-02   3.1250000e-02   1.4084507e-02   0.0000000e+00   2.8985507e-02   9.0909091e-03   1.7680339e-03   4.0268456e-02   1.9642857e-01   1.0000000e+00   0.0000000e+00   4.7619048e-02   5.2631579e-02   4.0000000e-02   5.5555556e-02   2.6548673e-02   3.6585366e-02   2.6086957e-02
   5.1480051e-02   0.0000000e+00   0.0000000e+00   0.0000000e+00   0.0000000e+00   3.2388664e-04   9.0497738e-03   0.0000000e+00   0.0000000e+00   7.3260073e-03   6.5359477e-03   0.0000000e+00   0.0000000e+00   0.0000000e+00   0.0000000e+00   0.0000000e+00   0.0000000e+00   0.0000000e+00   0.0000000e+00   0.0000000e+00   0.0000000e+00   0.0000000e+00   0.0000000e+00   0.0000000e+00   4.8661800e-03   7.9681275e-03   0.0000000e+00   0.0000000e+00   0.0000000e+00   0.0000000e+00   1.0526316e-02   0.0000000e+00   1.0000000e+00   0.0000000e+00   0.0000000e+00   0.0000000e+00   0.0000000e+00   1.6877637e-02   0.0000000e+00   0.0000000e+00
   1.4104372e-03   0.0000000e+00   1.1976048e-02   2.8846154e-02   4.6153846e-02   9.8944591e-04   1.7543860e-02   3.6585366e-02   1.5384615e-02   1.8181818e-02   1.5151515e-02   4.7169811e-03   4.4444444e-02   0.0000000e+00   4.1095890e-02   0.0000000e+00   4.6153846e-02   3.6585366e-02   1.0309278e-02   9.4117647e-02   4.0000000e-02   1.3157895e-02   2.5641026e-02   1.2048193e-02   2.0000000e-02   0.0000000e+00   1.9108280e-02   5.7306590e-03   1.7568517e-03   1.7647059e-02   3.6585366e-02   4.7619048e-02   0.0000000e+00   1.0000000e+00   4.0000000e-02   2.1276596e-02   0.0000000e+00   3.8759690e-02   0.0000000e+00   4.6153846e-02
   4.2796006e-03   0.0000000e+00   1.2422360e-02   5.5837563e-02   4.7619048e-01   1.3210040e-03   6.7961165e-02   3.9473684e-02   6.6666667e-02   1.8867925e-02   1.5625000e-02   1.4705882e-02   5.1282051e-02   0.0000000e+00   9.3750000e-02   4.0816327e-02   8.7719298e-02   3.9473684e-02   1.0638298e-02   3.5714286e-02   4.5454545e-02   1.3698630e-02   7.2463768e-02   1.2987013e-02   3.4482759e-02   0.0000000e+00   3.3557047e-02   5.8309038e-03   1.4079549e-03   3.0864198e-02   3.9473684e-02   5.2631579e-02   0.0000000e+00   4.0000000e-02   1.0000000e+00   5.8823529e-02   0.0000000e+00   7.5630252e-02   6.5934066e-02   2.3622047e-02
   0.0000000e+00   0.0000000e+00   1.6853933e-02   1.3452915e-02   6.6666667e-02   9.8749177e-04   1.7431193e-01   3.1914894e-02   2.9411765e-02   1.6949153e-02   1.4285714e-02   0.0000000e+00   3.5087719e-02   0.0000000e+00   7.3170732e-02   0.0000000e+00   3.8961039e-02   3.1914894e-02   9.7087379e-03   1.9417476e-02   3.2258065e-02   1.8404908e-02   5.7471264e-02   1.0526316e-02   1.9230769e-02   0.0000000e+00   1.7751479e-02   8.3333333e-03   1.0489510e-03   1.6483516e-02   3.1914894e-02   4.0000000e-02   0.0000000e+00   2.1276596e-02   5.8823529e-02   1.0000000e+00   0.0000000e+00   4.2857143e-02   8.7719298e-03   1.3698630e-02
   0.0000000e+00   0.0000000e+00   0.0000000e+00   0.0000000e+00   0.0000000e+00   0.0000000e+00   0.0000000e+00   0.0000000e+00   0.0000000e+00   0.0000000e+00   0.0000000e+00   0.0000000e+00   0.0000000e+00   0.0000000e+00   0.0000000e+00   0.0000000e+00   0.0000000e+00   0.0000000e+00   3.7037037e-02   0.0000000e+00   0.0000000e+00   0.0000000e+00   0.0000000e+00   0.0000000e+00   0.0000000e+00   0.0000000e+00   0.0000000e+00   0.0000000e+00   0.0000000e+00   1.3986014e-02   3.6363636e-02   5.5555556e-02   0.0000000e+00   0.0000000e+00   0.0000000e+00   0.0000000e+00   1.0000000e+00   0.0000000e+00   2.7397260e-02   0.0000000e+00
   7.9575597e-03   0.0000000e+00   1.3888889e-02   3.1250000e-02   8.2568807e-02   3.6077402e-03   7.7922078e-02   2.2727273e-02   3.3333333e-02   2.3474178e-02   2.0325203e-02   7.6628352e-03   2.1052632e-02   0.0000000e+00   5.0000000e-02   1.9047619e-02   7.2727273e-02   2.2727273e-02   8.1967213e-03   3.6231884e-02   2.0000000e-02   3.5532995e-02   4.0000000e-02   7.5187970e-03   7.2289157e-02   1.0309278e-02   3.9603960e-02   1.5189873e-02   5.8945908e-03   4.2056075e-02   5.4687500e-02   2.6548673e-02   1.6877637e-02   3.8759690e-02   7.5630252e-02   4.2857143e-02   0.0000000e+00   1.0000000e+00   4.7945205e-02   2.7624309e-02
   0.0000000e+00   0.0000000e+00   5.3475936e-03   3.0973451e-02   7.4074074e-02   4.9293460e-04   0.0000000e+00   1.9607843e-02   2.3584906e-02   5.3763441e-03   4.5662100e-03   0.0000000e+00   0.0000000e+00   0.0000000e+00   1.0638298e-02   0.0000000e+00   1.1627907e-02   1.9607843e-02   9.3896714e-03   0.0000000e+00   0.0000000e+00   5.8139535e-03   1.0204082e-02   9.8039216e-03   1.2461059e-02   1.2269939e-02   5.6179775e-03   1.3698630e-02   1.0463900e-03   1.2280702e-01   5.0505051e-02   3.6585366e-02   0.0000000e+00   0.0000000e+00   6.5934066e-02   8.7719298e-03   2.7397260e-02   4.7945205e-02   1.0000000e+00   0.0000000e+00
   1.3140604e-03   1.7241379e-02   1.8433180e-02   2.3076923e-02   2.5641026e-02   2.4561978e-03   1.2048193e-02   2.2388060e-02   1.2145749e-02   1.3824885e-02   1.2000000e-02   1.9230769e-02   2.0618557e-02   0.0000000e+00   2.4000000e-02   0.0000000e+00   2.5641026e-02   2.2388060e-02   1.6393443e-02   4.3165468e-02   1.9607843e-02   9.8039216e-03   1.5384615e-02   7.4074074e-03   4.3731778e-02   0.0000000e+00   4.4334975e-02   4.9875312e-03   4.8459675e-03   1.3513514e-02   2.2388060e-02   2.6086957e-02   0.0000000e+00   4.6153846e-02   2.3622047e-02   1.3698630e-02   0.0000000e+00   2.7624309e-02   0.0000000e+00   1.0000000e+00
