   1.0000000e+00   3.0303030e-02   1.3888889e-02   6.6666667e-03   0.0000000e+00   0.0000000e+00   5.1724138e-02   0.0000000e+00   0.0000000e+00   0.0000000e+00   3.7500000e-02   1.1235955e-02   2.8873917e-03   2.5210084e-02   3.3707865e-02   0.0000000e+00   1.5384615e-02   1.9354839e-02   1.8181818e-02   4.1841004e-03   0.0000000e+00   0.0000000e+00   2.7777778e-02   2.6785714e-02   3.1578947e-02   0.0000000e+00   0.0000000e+00   0.0000000e+00   0.0000000e+00   5.0000000e-02   0.0000000e+00   4.2857143e-02   0.0000000e+00   1.5384615e-02   2.1978022e-02   1.1764706e-02   0.0000000e+00   0.0000000e+00   0.0000000e+00   0.0000000e+00   0.0000000e+00   0.0000000e+00   4.8387097e-02   9.2592593e-03   0.0000000e+00   0.0000000e+00   0.0000000e+00   4.4117647e-02   1.7699115e-02   1.5748031e-02   5.7692308e-02   0.0000000e+00   4.1095890e-02   0.0000000e+00   1.0344828e-02   0.0000000e+00   7.9365079e-03   0.0000000e+00   0.0000000e+00   1.7699115e-02   0.0000000e+00   0.0000000e+00   0.0000000e+00   5.7692308e-02   9.2592593e-03   0.0000000e+00   0.0000000e+00   8.6206897e-03   7.0422535e-03   3.8314176e-03   1.4705882e-02   1.2048193e-02   3.6363636e-02   4.0000000e-02   1.1299435e-02   8.7719298e-03   0.0000000e+00   5.7692308e-02   5.9322034e-01   0.0000000e+00   0.0000000e+00   0.0000000e+00   3.5294118e-02   1.4492754e-02   0.0000000e+00   0.0000000e+00   0.0000000e+00   0.0000000e+00   0.0000000e+00   0.0000000e+00   1.1952191e-02   9.8039216e-03   1.2820513e-02   0.0000000e+00   0.0000000e+00   7.4626866e-03   0.0000000e+00   2.0120724e-03   1.1494253e-02   3.3898305e-02   1.2500000e-02   0.0000000e+00   0.0000000e+00   0.0000000e+00   1.5625000e-02   0.0000000e+00   0.0000000e+00   0.0000000e+00   1.6666667e-02   1.1363636e-02   1.0752688e-02   0.0000000e+00   0.0000000e+00   2.2727273e-02   0.0000000e+00   0.0000000e+00   3.4482759e-02   0.0000000e+00   0.0000000e+00   3.3670034e-03   7.8125000e-03   0.0000000e+00   0.0000000e+00   2.0833333e-02   0.0000000e+00   1.2048193e-02   0.0000000e+00   0.0000000e+00   2.4096386e-02   6.1855670e-03   0.0000000e+00   2.8301887e-02   0.0000000e+00   1.0101010e-02   0.0000000e+00   0.0000000e+00   1.3157895e-02   7.7519380e-03   0.0000000e+00   0.0000000e+00   0.0000000e+00   0.0000000e+00
   3.0303030e-02   1.0000000e+00   1.4285714e-02   1.3513514e-02   0.0000000e+00   7.2289157e-03   1.1320755e-01   1.7441860e-02   0.0000000e+00   0.0000000e+00   5.1948052e-02   2.3255814e-02   5.8027079e-03   3.4482759e-02   5.8823529e-02   0.0000000e+00   6.6666667e-02   1.9607843e-02   3.7735849e-02   4.2194093e-03   0.0000000e+00   0.0000000e+00   7.4626866e-02   3.6697248e-02   4.3478261e-02   2.3529412e-02   0.0000000e+00   0.0000000e+00   0.0000000e+00   5.1724138e-02   0.0000000e+00   7.5757576e-02   0.0000000e+00   4.9180328e-02   4.5977011e-02   5.0000000e-02   4.2857143e-02   0.0000000e+00   0.0000000e+00   0.0000000e+00   0.0000000e+00   3.6144578e-02   8.6206897e-02   3.8834951e-02   2.4390244e-02   1.8348624e-02   0.0000000e+00   7.8125000e-02   3.6697248e-02   3.2520325e-02   6.0000000e-02   0.0000000e+00   8.8235294e-02   0.0000000e+00   2.1052632e-02   0.0000000e+00   8.0645161e-03   0.0000000e+00   2.1739130e-02   2.7272727e-02   0.0000000e+00   0.0000000e+00   0.0000000e+00   6.0000000e-02   9.4339623e-03   0.0000000e+00   9.3457944e-03   8.7719298e-03   7.1428571e-03   3.8610039e-03   6.3492063e-02   2.5000000e-02   1.8072289e-02   7.0422535e-02   2.9069767e-02   8.9285714e-03   0.0000000e+00   6.0000000e-02   3.3707865e-02   0.0000000e+00   0.0000000e+00   0.0000000e+00   6.1728395e-02   6.2500000e-02   0.0000000e+00   0.0000000e+00   7.9365079e-03   0.0000000e+00   3.0769231e-02   0.0000000e+00   2.0242915e-02   4.1237113e-02   1.3157895e-02   0.0000000e+00   0.0000000e+00   1.5267176e-02   0.0000000e+00   5.0556117e-03   4.8780488e-02   0.0000000e+00   5.3333333e-02   0.0000000e+00   1.6393443e-02   8.8495575e-03   5.0000000e-02   6.8027211e-03   0.0000000e+00   1.4925373e-02   1.7241379e-02   1.1627907e-02   4.5454545e-02   0.0000000e+00   0.0000000e+00   3.9062500e-02   0.0000000e+00   3.9164491e-03   6.0240964e-02   5.3667263e-03   1.4598540e-02   3.3898305e-03   2.4193548e-02   0.0000000e+00   0.0000000e+00   4.3478261e-02   0.0000000e+00   2.5000000e-02   0.0000000e+00   0.0000000e+00   2.4691358e-02   1.0395010e-02   2.3437500e-02   3.8834951e-02   1.8518519e-02   1.0309278e-02   0.0000000e+00   1.1627907e-02   1.3513514e-02   7.8740157e-03   4.4776119e-02   0.0000000e+00   0.0000000e+00   4.9180328e-02
   1.3888889e-02   1.4285714e-02   1.0000000e+00   7.4349442e-03   2.2988506e-02   0.0000000e+00   3.4482759e-02   6.2695925e-03   4.0816327e-02   0.0000000e+00   1.9607843e-02   1.7241379e-02   9.9009901e-04   1.1111111e-02   5.1724138e-02   5.2631579e-02   2.9411765e-02   7.9365079e-03   2.5316456e-02   1.4563107e-02   0.0000000e+00   0.0000000e+00   4.8780488e-02   1.2048193e-02   1.5151515e-02   0.0000000e+00   2.4390244e-02   0.0000000e+00   0.0000000e+00   1.0344828e-01   5.0000000e-02   2.4390244e-02   0.0000000e+00   2.9411765e-02   3.3333333e-02   5.7692308e-02   0.0000000e+00   0.0000000e+00   0.0000000e+00   0.0000000e+00   2.8169014e-02   3.6363636e-02   3.0303030e-02   4.0000000e-02   0.0000000e+00   5.1282051e-02   0.0000000e+00   2.5641026e-02   2.4390244e-02   0.0000000e+00   4.3478261e-02   0.0000000e+00   2.2727273e-02   3.9215686e-02   1.1583012e-02   4.6511628e-02   3.2258065e-02   0.0000000e+00   0.0000000e+00   0.0000000e+00   0.0000000e+00   0.0000000e+00   4.8780488e-02   4.3478261e-02   6.8493151e-02   0.0000000e+00   0.0000000e+00   1.1764706e-02   2.7522936e-02   1.3157895e-02   8.5714286e-02   1.9230769e-02   2.1897810e-02   6.8181818e-02   0.0000000e+00   1.2048193e-02   7.2727273e-02   4.3478261e-02   1.6129032e-02   3.8461538e-02   0.0000000e+00   0.0000000e+00   5.5555556e-02   8.3333333e-02   0.0000000e+00   0.0000000e+00   0.0000000e+00   4.6511628e-02   0.0000000e+00   0.0000000e+00   1.3636364e-02   4.3478261e-02   6.6666667e-02   5.2631579e-02   0.0000000e+00   9.7087379e-03   0.0000000e+00   2.0768432e-03   5.5555556e-02   0.0000000e+00   1.6279070e-01   2.4390244e-02   0.0000000e+00   0.0000000e+00   3.0303030e-02   5.3097345e-02   0.0000000e+00   5.4054054e-02   3.4482759e-02   9.4339623e-02   5.0000000e-02   3.3333333e-02   0.0000000e+00   2.9702970e-02   0.0000000e+00   2.7100271e-03   1.7241379e-02   0.0000000e+00   0.0000000e+00   1.1363636e-02   1.0309278e-02   0.0000000e+00   0.0000000e+00   3.0769231e-02   0.0000000e+00   1.9230769e-02   0.0000000e+00   0.0000000e+00   0.0000000e+00   6.6079295e-03   0.0000000e+00   4.0000000e-02   0.0000000e+00   4.3750000e-01   4.0816327e-02   0.0000000e+00   6.9767442e-02   1.0204082e-02   0.0000000e+00   6.4516129e-02   0.0000000e+00   0.0000000e+00
   6.6666667e-03   1.3513514e-02   7.4349442e-03   1.0000000e+00   1.5974441e-02   1.6447368e-02   2.7777778e-02   4.1666667e-02   0.0000000e+00   3.6101083e-03   2.1818182e-02   1.4084507e-02   9.7719870e-03   2.5641026e-02   2.1126761e-02   1.1278195e-02   7.6335878e-03   8.4985836e-03   1.9230769e-01   4.5871560e-03   1.7948718e-02   0.0000000e+00   4.6153846e-02   2.6229508e-02   3.1358885e-02   2.1352313e-02   6.4308682e-03   0.0000000e+00   3.9215686e-03   3.1620553e-02   1.8796992e-02   1.4981273e-02   0.0000000e+00   1.9305019e-02   3.1914894e-02   4.7970480e-02   2.2471910e-02   3.1141869e-02   0.0000000e+00   0.0000000e+00   1.0033445e-02   5.1470588e-02   1.5444015e-02   3.0201342e-02   2.1943574e-02   2.3026316e-02   0.0000000e+00   2.6717557e-02   2.9605263e-02   1.2383901e-02   7.9681275e-03   1.2987013e-02   3.7878788e-02   0.0000000e+00   1.8672199e-02   7.3529412e-03   2.2012579e-02   0.0000000e+00   1.7301038e-02   9.6774194e-03   0.0000000e+00   0.0000000e+00   3.4220532e-02   7.9681275e-03   1.9933555e-02   0.0000000e+00   6.5359477e-03   6.3897764e-03   0.0000000e+00   3.1390135e-02   1.9083969e-02   7.1428571e-03   1.9337017e-02   5.7471264e-02   7.1022727e-02   9.6774194e-03   6.9930070e-03   7.9681275e-03   6.8965517e-03   2.5362319e-02   0.0000000e+00   0.0000000e+00   3.6231884e-02   3.0769231e-02   0.0000000e+00   0.0000000e+00   3.0674847e-03   0.0000000e+00   1.1363636e-02   0.0000000e+00   5.1162791e-02   4.5138889e-02   0.0000000e+00   1.8939394e-02   0.0000000e+00   9.0909091e-03   0.0000000e+00   2.0512821e-02   2.5089606e-02   7.7821012e-03   3.3333333e-02   0.0000000e+00   7.6923077e-03   1.6181230e-02   2.3346304e-02   5.7803468e-03   0.0000000e+00   7.5187970e-03   2.3715415e-02   0.0000000e+00   4.6594982e-02   3.4482759e-03   0.0000000e+00   1.8348624e-02   3.4482759e-03   7.2765073e-03   1.7667845e-02   3.9525692e-03   4.9535604e-02   6.0851927e-03   2.5078370e-02   0.0000000e+00   0.0000000e+00   5.3380783e-02   0.0000000e+00   7.1428571e-03   2.5839793e-03   0.0000000e+00   5.2044610e-02   3.3132530e-02   2.7950311e-02   5.8620690e-02   2.6490066e-02   6.7567568e-03   1.0830325e-02   1.7730496e-02   0.0000000e+00   3.0581040e-03   2.6615970e-02   0.0000000e+00   0.0000000e+00   7.6335878e-03
   0.0000000e+00   0.0000000e+00   2.2988506e-02   1.5974441e-02   1.0000000e+00   0.0000000e+00   0.0000000e+00   1.3774105e-02   0.0000000e+00   0.0000000e+00   0.0000000e+00   2.9126214e-02   0.0000000e+00   0.0000000e+00   1.8867925e-02   2.3529412e-02   0.0000000e+00   0.0000000e+00   4.0650407e-02   7.8740157e-03   4.3689320e-02   0.0000000e+00   5.8823529e-02   0.0000000e+00   0.0000000e+00   2.9411765e-02   1.5503876e-02   0.0000000e+00   0.0000000e+00   2.5974026e-02   5.9523810e-02   0.0000000e+00   0.0000000e+00   0.0000000e+00   1.8691589e-02   5.1546392e-02   0.0000000e+00   0.0000000e+00   0.0000000e+00   0.0000000e+00   1.6949153e-02   5.0505051e-02   0.0000000e+00   0.0000000e+00   0.0000000e+00   0.0000000e+00   0.0000000e+00   0.0000000e+00   3.9682540e-02   0.0000000e+00   0.0000000e+00   1.0600707e-02   3.3707865e-02   0.0000000e+00   1.6447368e-02   2.2222222e-02   3.6231884e-02   0.0000000e+00   0.0000000e+00   0.0000000e+00   0.0000000e+00   0.0000000e+00   5.8823529e-02   0.0000000e+00   1.6260163e-02   0.0000000e+00   0.0000000e+00   0.0000000e+00   0.0000000e+00   1.8315018e-02   2.4096386e-02   0.0000000e+00   1.0810811e-02   5.6179775e-02   2.0942408e-02   2.3437500e-02   1.9230769e-02   0.0000000e+00   0.0000000e+00   2.0202020e-02   0.0000000e+00   0.0000000e+00   1.9607843e-02   2.3809524e-02   0.0000000e+00   0.0000000e+00   0.0000000e+00   0.0000000e+00   0.0000000e+00   0.0000000e+00   1.8867925e-02   4.3859649e-02   0.0000000e+00   6.0975610e-02   0.0000000e+00   0.0000000e+00   0.0000000e+00   4.9652433e-03   1.9607843e-02   0.0000000e+00   5.4347826e-02   0.0000000e+00   0.0000000e+00   2.3255814e-02   0.0000000e+00   1.2195122e-02   0.0000000e+00   2.3809524e-02   0.0000000e+00   0.0000000e+00   4.7619048e-02   0.0000000e+00   0.0000000e+00   1.3422819e-02   0.0000000e+00   3.8265306e-03   0.0000000e+00   0.0000000e+00   0.0000000e+00   1.9480519e-02   2.1126761e-02   0.0000000e+00   0.0000000e+00   4.5871560e-02   0.0000000e+00   0.0000000e+00   0.0000000e+00   0.0000000e+00   0.0000000e+00   3.9840637e-03   0.0000000e+00   4.1666667e-02   0.0000000e+00   1.7543860e-02   2.0833333e-02   2.9411765e-02   0.0000000e+00   0.0000000e+00   3.5294118e-02   0.0000000e+00   0.0000000e+00   0.0000000e+00
   0.0000000e+00   7.2289157e-03   0.0000000e+00   1.6447368e-02   0.0000000e+00   1.0000000e+00   8.0213904e-03   1.3657056e-02   0.0000000e+00   2.5316456e-03   2.0460358e-02   4.9504950e-03   4.4378698e-03   6.8965517e-03   7.4074074e-03   2.5906736e-03   1.5957447e-02   8.5106383e-03   1.1820331e-02   0.0000000e+00   0.0000000e+00   0.0000000e+00   1.5625000e-02   1.6509434e-02   9.7560976e-03   1.7587940e-02   0.0000000e+00   0.0000000e+00   2.6809651e-03   2.6455026e-03   0.0000000e+00   5.1679587e-03   0.0000000e+00   5.2631579e-03   4.9140049e-03   2.2900763e-02   7.7319588e-03   9.7087379e-03   0.0000000e+00   0.0000000e+00   2.3866348e-03   2.5380711e-02   5.2770449e-03   4.4226044e-02   2.3041475e-02   4.6838407e-03   0.0000000e+00   5.1948052e-03   4.6620047e-03   4.5146727e-03   0.0000000e+00   1.5597920e-02   1.5544041e-02   0.0000000e+00   4.9504950e-03   0.0000000e+00   4.5351474e-03   0.0000000e+00   1.2285012e-02   4.6620047e-03   0.0000000e+00   0.0000000e+00   1.0362694e-02   0.0000000e+00   2.3584906e-03   0.0000000e+00   1.4285714e-02   1.8823529e-02   0.0000000e+00   1.4035088e-02   1.8518519e-02   1.5228426e-02   0.0000000e+00   2.0725389e-02   2.9106029e-02   0.0000000e+00   0.0000000e+00   0.0000000e+00   0.0000000e+00   2.5000000e-03   0.0000000e+00   0.0000000e+00   7.4812968e-03   1.8469657e-02   0.0000000e+00   0.0000000e+00   9.0702948e-03   0.0000000e+00   3.2171582e-02   0.0000000e+00   1.4234875e-02   2.1951220e-02   0.0000000e+00   0.0000000e+00   0.0000000e+00   1.5765766e-02   0.0000000e+00   2.2731525e-01   1.5075377e-02   5.3333333e-03   1.2755102e-02   0.0000000e+00   1.0638298e-02   1.4084507e-02   5.2770449e-03   3.5555556e-02   0.0000000e+00   1.3123360e-02   1.3440860e-02   0.0000000e+00   2.2443890e-02   2.4509804e-03   0.0000000e+00   6.6964286e-03   2.4509804e-03   5.5504163e-03   7.4441687e-03   5.7142857e-03   1.7817372e-02   1.6313214e-03   1.1363636e-02   0.0000000e+00   0.0000000e+00   1.9704433e-02   0.0000000e+00   1.5228426e-02   1.9801980e-03   0.0000000e+00   1.0075567e-02   7.5187970e-03   2.7459954e-02   9.5011876e-03   2.1479714e-02   0.0000000e+00   2.5188917e-03   1.5037594e-02   0.0000000e+00   2.2471910e-03   2.1052632e-02   0.0000000e+00   0.0000000e+00   7.9155673e-03
   5.1724138e-02   1.1320755e-01   3.4482759e-02   2.7777778e-02   0.0000000e+00   8.0213904e-03   1.0000000e+00   9.8039216e-03   0.0000000e+00   0.0000000e+00   2.1212121e-01   4.4444444e-02   6.0422961e-03   5.3333333e-02   1.1363636e-01   0.0000000e+00   2.1052632e-01   2.6785714e-02   6.1538462e-02   5.1020408e-03   0.0000000e+00   0.0000000e+00   1.9230769e-01   1.0769231e-01   7.8431373e-02   4.5454545e-02   0.0000000e+00   0.0000000e+00   0.0000000e+00   4.2857143e-01   0.0000000e+00   2.0000000e-01   0.0000000e+00   1.5000000e-01   1.6279070e-01   1.0256410e-01   1.0344828e-01   0.0000000e+00   0.0000000e+00   0.0000000e+00   0.0000000e+00   7.1428571e-02   2.9411765e-01   6.4516129e-02   3.6585366e-02   2.9411765e-02   0.0000000e+00   4.0000000e-01   5.8823529e-02   4.8780488e-02   3.3333333e-01   0.0000000e+00   2.2222222e-01   0.0000000e+00   2.4590164e-02   0.0000000e+00   1.2048193e-02   0.0000000e+00   3.9215686e-02   4.3478261e-02   0.0000000e+00   0.0000000e+00   0.0000000e+00   3.3333333e-01   6.4516129e-02   0.0000000e+00   1.5151515e-02   1.3698630e-02   1.0101010e-02   4.5871560e-03   1.8181818e-01   5.1282051e-02   4.9180328e-02   1.6666667e-01   3.8167939e-02   1.4084507e-02   0.0000000e+00   3.3333333e-01   6.2500000e-02   0.0000000e+00   0.0000000e+00   0.0000000e+00   2.1621622e-01   1.7391304e-01   0.0000000e+00   0.0000000e+00   1.1764706e-02   0.0000000e+00   8.3333333e-02   0.0000000e+00   2.4271845e-02   7.1428571e-02   2.8571429e-02   0.0000000e+00   0.0000000e+00   2.2222222e-02   0.0000000e+00   8.4656085e-03   9.7560976e-02   0.0000000e+00   1.1764706e-01   0.0000000e+00   5.0000000e-02   1.3888889e-02   1.5789474e-01   9.4339623e-03   0.0000000e+00   3.8461538e-02   2.8571429e-01   2.2222222e-02   8.5106383e-02   0.0000000e+00   0.0000000e+00   5.7471264e-02   0.0000000e+00   4.1379310e-03   1.1904762e-01   5.7915058e-03   2.0833333e-02   3.9370079e-03   3.6144578e-02   0.0000000e+00   0.0000000e+00   7.8431373e-02   0.0000000e+00   5.1282051e-02   0.0000000e+00   0.0000000e+00   5.0000000e-02   1.8306636e-02   3.4482759e-02   6.4516129e-02   2.9850746e-02   1.7857143e-02   0.0000000e+00   2.2222222e-02   3.0303030e-02   1.1627907e-02   1.1538462e-01   0.0000000e+00   0.0000000e+00   1.5000000e-01
   0.0000000e+00   1.7441860e-02   6.2695925e-03   4.1666667e-02   1.3774105e-02   1.3657056e-02   9.8039216e-03   1.0000000e+00   0.0000000e+00   6.1349693e-03   6.0790274e-03   1.5015015e-02   8.6004691e-03   8.1743869e-03   1.1904762e-02   9.4936709e-03   9.6463023e-03   2.4691358e-03   4.0462428e-02   4.1152263e-03   6.7567568e-03   0.0000000e+00   2.8753994e-02   1.1142061e-02   1.1695906e-02   1.8126888e-02   5.5401662e-03   0.0000000e+00   3.2786885e-03   9.7402597e-03   1.5822785e-02   6.2695925e-03   0.0000000e+00   1.6181230e-02   1.1869436e-02   4.3750000e-02   9.3750000e-03   2.3529412e-02   0.0000000e+00   3.2786885e-03   8.5959885e-03   4.0247678e-02   6.4308682e-03   2.2922636e-02   4.4444444e-02   5.5710306e-03   0.0000000e+00   6.3091483e-03   1.9662921e-02   5.3333333e-03   0.0000000e+00   1.1718750e-02   2.8571429e-02   0.0000000e+00   1.5009381e-02   6.2111801e-03   1.9021739e-02   0.0000000e+00   1.4749263e-02   5.5401662e-03   0.0000000e+00   0.0000000e+00   2.2222222e-02   0.0000000e+00   1.1331445e-02   0.0000000e+00   8.4507042e-03   1.1080332e-02   0.0000000e+00   6.9182390e-02   1.9292605e-02   3.0211480e-03   1.4527845e-02   4.1533546e-02   2.8915663e-02   8.3333333e-03   5.9523810e-03   0.0000000e+00   0.0000000e+00   2.1472393e-02   0.0000000e+00   0.0000000e+00   1.5105740e-02   2.9126214e-02   0.0000000e+00   3.0395137e-03   1.6172507e-02   0.0000000e+00   9.5541401e-03   0.0000000e+00   4.1493776e-02   4.1543027e-02   3.0674847e-03   1.5923567e-02   0.0000000e+00   5.2493438e-03   0.0000000e+00   1.1382114e-02   2.4390244e-02   0.0000000e+00   2.4922118e-02   0.0000000e+00   3.2154341e-03   1.1111111e-02   6.4308682e-03   7.5949367e-03   2.9154519e-03   9.5238095e-03   9.8039216e-03   0.0000000e+00   4.2682927e-02   2.9411765e-03   0.0000000e+00   1.0554090e-02   2.9411765e-03   7.9129575e-03   8.9552239e-03   6.1957869e-03   4.2895442e-02   5.5248619e-03   2.1680217e-02   0.0000000e+00   0.0000000e+00   3.9039039e-02   0.0000000e+00   3.0211480e-03   2.2883295e-03   0.0000000e+00   6.0422961e-03   1.7980636e-02   4.6703297e-02   4.6920821e-02   2.2727273e-02   5.7803468e-03   9.1743119e-03   1.2012012e-02   3.0864198e-03   2.6525199e-03   1.9108280e-02   0.0000000e+00   3.2786885e-03   9.6463023e-03
   0.0000000e+00   0.0000000e+00   4.0816327e-02   0.0000000e+00   0.0000000e+00   0.0000000e+00   0.0000000e+00   0.0000000e+00   1.0000000e+00   0.0000000e+00   0.0000000e+00   0.0000000e+00   0.0000000e+00   0.0000000e+00   0.0000000e+00   0.0000000e+00   0.0000000e+00   0.0000000e+00   0.0000000e+00   0.0000000e+00   0.0000000e+00   0.0000000e+00   0.0000000e+00   0.0000000e+00   0.0000000e+00   0.0000000e+00   0.0000000e+00   0.0000000e+00   0.0000000e+00   0.0000000e+00   0.0000000e+00   0.0000000e+00   0.0000000e+00   0.0000000e+00   0.0000000e+00   0.0000000e+00   0.0000000e+00   0.0000000e+00   0.0000000e+00   0.0000000e+00   0.0000000e+00   0.0000000e+00   0.0000000e+00   2.3529412e-02   0.0000000e+00   0.0000000e+00   0.0000000e+00   0.0000000e+00   0.0000000e+00   0.0000000e+00   0.0000000e+00   0.0000000e+00   0.0000000e+00   0.0000000e+00   0.0000000e+00   0.0000000e+00   0.0000000e+00   4.2253521e-02   0.0000000e+00   0.0000000e+00   0.0000000e+00   0.0000000e+00   0.0000000e+00   0.0000000e+00   0.0000000e+00   0.0000000e+00   0.0000000e+00   0.0000000e+00   1.6806723e-02   0.0000000e+00   0.0000000e+00   0.0000000e+00   0.0000000e+00   0.0000000e+00   0.0000000e+00   0.0000000e+00   3.0303030e-02   0.0000000e+00   0.0000000e+00   0.0000000e+00   0.0000000e+00   0.0000000e+00   0.0000000e+00   0.0000000e+00   0.0000000e+00   0.0000000e+00   0.0000000e+00   3.8461538e-02   0.0000000e+00   0.0000000e+00   0.0000000e+00   0.0000000e+00   0.0000000e+00   0.0000000e+00   3.7037037e-02   0.0000000e+00   0.0000000e+00   0.0000000e+00   0.0000000e+00   0.0000000e+00   0.0000000e+00   1.9230769e-01   0.0000000e+00   0.0000000e+00   0.0000000e+00   0.0000000e+00   0.0000000e+00   0.0000000e+00   0.0000000e+00   0.0000000e+00   0.0000000e+00   0.0000000e+00   0.0000000e+00   0.0000000e+00   0.0000000e+00   0.0000000e+00   0.0000000e+00   0.0000000e+00   0.0000000e+00   0.0000000e+00   0.0000000e+00   0.0000000e+00   0.0000000e+00   0.0000000e+00   0.0000000e+00   0.0000000e+00   0.0000000e+00   0.0000000e+00   0.0000000e+00   0.0000000e+00   0.0000000e+00   0.0000000e+00   0.0000000e+00   2.6315789e-02   0.0000000e+00   0.0000000e+00   0.0000000e+00   0.0000000e+00   0.0000000e+00   0.0000000e+00   0.0000000e+00   0.0000000e+00
   0.0000000e+00   0.0000000e+00   0.0000000e+00   3.6101083e-03   0.0000000e+00   2.5316456e-03   0.0000000e+00   6.1349693e-03   0.0000000e+00   1.0000000e+00   1.7241379e-02   1.5384615e-02   9.8328417e-04   0.0000000e+00   0.0000000e+00   2.1739130e-02   0.0000000e+00   7.5187970e-03   0.0000000e+00   0.0000000e+00   0.0000000e+00   0.0000000e+00   2.0408163e-02   1.1111111e-02   1.3698630e-02   1.5625000e-02   0.0000000e+00   0.0000000e+00   3.0303030e-02   2.6315789e-02   0.0000000e+00   0.0000000e+00   0.0000000e+00   0.0000000e+00   0.0000000e+00   1.6393443e-02   0.0000000e+00   1.3333333e-02   0.0000000e+00   3.0303030e-02   1.2658228e-02   0.0000000e+00   0.0000000e+00   0.0000000e+00   9.7087379e-03   0.0000000e+00   0.0000000e+00   0.0000000e+00   0.0000000e+00   0.0000000e+00   0.0000000e+00   4.0816327e-03   1.9607843e-02   0.0000000e+00   0.0000000e+00   0.0000000e+00   0.0000000e+00   0.0000000e+00   0.0000000e+00   1.1111111e-02   0.0000000e+00   0.0000000e+00   0.0000000e+00   0.0000000e+00   2.4096386e-02   0.0000000e+00   0.0000000e+00   0.0000000e+00   1.7094017e-02   0.0000000e+00   2.2727273e-02   0.0000000e+00   0.0000000e+00   1.8867925e-02   6.4935065e-03   0.0000000e+00   0.0000000e+00   0.0000000e+00   0.0000000e+00   1.6666667e-02   0.0000000e+00   0.0000000e+00   1.5873016e-02   2.2222222e-02   0.0000000e+00   1.7543860e-02   1.4130435e-01   0.0000000e+00   2.2727273e-02   0.0000000e+00   4.3668122e-03   1.2820513e-02   1.8518519e-02   0.0000000e+00   0.0000000e+00   9.0909091e-03   0.0000000e+00   1.0298661e-03   0.0000000e+00   0.0000000e+00   0.0000000e+00   0.0000000e+00   0.0000000e+00   0.0000000e+00   0.0000000e+00   0.0000000e+00   1.4084507e-02   0.0000000e+00   2.7777778e-02   0.0000000e+00   1.4492754e-02   1.4705882e-02   0.0000000e+00   0.0000000e+00   1.4705882e-02   0.0000000e+00   1.5384615e-02   3.7174721e-03   0.0000000e+00   3.6630037e-03   9.6153846e-03   0.0000000e+00   0.0000000e+00   1.3698630e-02   0.0000000e+00   0.0000000e+00   6.0606061e-03   0.0000000e+00   0.0000000e+00   2.1598272e-03   0.0000000e+00   1.1904762e-02   1.1494253e-02   0.0000000e+00   1.7543860e-02   0.0000000e+00   1.9230769e-02   9.5238095e-03   0.0000000e+00   0.0000000e+00   3.0303030e-02   0.0000000e+00
   3.7500000e-02   5.1948052e-02   1.9607843e-02   2.1818182e-02   0.0000000e+00   2.0460358e-02   2.1212121e-01   6.0790274e-03   0.0000000e+00   1.7241379e-02   1.0000000e+00   4.5454545e-02   4.9212598e-03   4.1237113e-02   1.0937500e-01   2.0408163e-02   1.2500000e-01   5.3846154e-02   5.8139535e-02   4.5871560e-03   0.0000000e+00   0.0000000e+00   8.1632653e-02   3.4285714e-01   6.9444444e-02   1.4925373e-02   0.0000000e+00   0.0000000e+00   2.7777778e-02   2.0000000e-01   0.0000000e+00   6.1224490e-02   0.0000000e+00   2.2727273e-02   7.4626866e-02   4.8387097e-02   1.8867925e-02   1.2820513e-02   0.0000000e+00   0.0000000e+00   1.2195122e-02   1.5151515e-02   7.3170732e-02   2.3255814e-02   4.9019608e-02   0.0000000e+00   0.0000000e+00   1.3636364e-01   2.1739130e-02   1.8867925e-02   9.6774194e-02   4.6218487e-02   1.0000000e-01   0.0000000e+00   1.4925373e-02   0.0000000e+00   9.5238095e-03   0.0000000e+00   0.0000000e+00   4.4444444e-02   0.0000000e+00   9.0909091e-02   0.0000000e+00   9.6774194e-02   6.0240964e-02   0.0000000e+00   1.1363636e-02   9.0909091e-02   8.2644628e-03   3.4334764e-02   1.4285714e-01   3.2786885e-02   4.1666667e-02   7.5471698e-02   2.5974026e-02   1.0752688e-02   0.0000000e+00   9.6774194e-02   4.2857143e-02   1.5873016e-02   0.0000000e+00   0.0000000e+00   1.1666667e-01   6.5217391e-02   0.0000000e+00   0.0000000e+00   1.8867925e-02   0.0000000e+00   2.1276596e-02   0.0000000e+00   1.7467249e-02   3.7974684e-02   1.7543860e-02   0.0000000e+00   0.0000000e+00   2.7027027e-02   9.0909091e-02   7.2314050e-03   3.0769231e-02   0.0000000e+00   3.4482759e-02   0.0000000e+00   2.3809524e-02   1.0638298e-02   2.3255814e-02   7.8125000e-03   0.0000000e+00   2.0833333e-02   1.4285714e-01   1.4925373e-02   4.2857143e-02   1.4084507e-02   0.0000000e+00   6.5420561e-02   1.4084507e-02   1.3351135e-03   6.1538462e-02   3.6968577e-03   0.0000000e+00   7.2727273e-03   1.1340206e-01   0.0000000e+00   0.0000000e+00   4.0540541e-02   0.0000000e+00   3.2786885e-02   5.9523810e-03   0.0000000e+00   0.0000000e+00   4.4742729e-02   9.0090090e-03   6.0240964e-02   1.1111111e-02   1.2820513e-02   1.6666667e-02   1.4925373e-02   1.8181818e-02   1.8691589e-02   2.0000000e-02   0.0000000e+00   0.0000000e+00   2.2727273e-02
   1.1235955e-02   2.3255814e-02   1.7241379e-02   1.4084507e-02   2.9126214e-02   4.9504950e-03   4.4444444e-02   1.5015015e-02   0.0000000e+00   1.5384615e-02   4.5454545e-02   1.0000000e+00   2.9268293e-03   1.8867925e-02   1.2987013e-02   1.7857143e-02   4.0000000e-02   1.4084507e-02   3.1578947e-02   4.4444444e-03   0.0000000e+00   0.0000000e+00   9.0909091e-02   3.0612245e-02   3.7037037e-02   5.6338028e-02   0.0000000e+00   0.0000000e+00   2.3255814e-02   4.2553191e-02   5.3571429e-02   1.7241379e-02   0.0000000e+00   1.9607843e-02   0.0000000e+00   9.0909091e-02   1.6666667e-02   1.1764706e-02   0.0000000e+00   0.0000000e+00   1.1235955e-02   5.7142857e-02   2.0000000e-02   2.1505376e-02   8.8495575e-03   0.0000000e+00   0.0000000e+00   1.7857143e-02   3.0612245e-02   0.0000000e+00   2.5000000e-02   1.5873016e-02   1.0714286e-01   0.0000000e+00   1.8248175e-02   0.0000000e+00   3.6697248e-02   0.0000000e+00   0.0000000e+00   2.0202020e-02   0.0000000e+00   0.0000000e+00   5.2631579e-02   2.5000000e-02   2.1505376e-02   0.0000000e+00   1.0526316e-02   9.8039216e-03   7.8125000e-03   1.6393443e-02   5.7692308e-02   2.9411765e-02   6.4102564e-03   8.4745763e-02   1.2269939e-02   8.6021505e-02   0.0000000e+00   2.5000000e-02   1.2658228e-02   1.4285714e-02   0.0000000e+00   0.0000000e+00   2.7777778e-02   5.6603774e-02   0.0000000e+00   0.0000000e+00   1.7699115e-02   0.0000000e+00   1.8518519e-02   0.0000000e+00   2.1276596e-02   7.2289157e-02   1.5625000e-02   1.4000000e-01   0.0000000e+00   2.5423729e-02   0.0000000e+00   5.1177073e-03   2.7777778e-02   0.0000000e+00   8.0645161e-02   0.0000000e+00   2.0408163e-02   4.0816327e-02   2.0000000e-02   7.4074074e-03   0.0000000e+00   1.8181818e-02   4.4444444e-02   1.3513514e-02   8.1081081e-02   1.2820513e-02   0.0000000e+00   8.3333333e-03   1.2820513e-02   5.3120850e-03   2.7027027e-02   3.6496350e-03   0.0000000e+00   7.0921986e-03   4.5454545e-02   0.0000000e+00   0.0000000e+00   5.0000000e-02   0.0000000e+00   2.9411765e-02   5.7142857e-03   0.0000000e+00   0.0000000e+00   4.2372881e-03   8.4745763e-03   6.7415730e-02   1.0309278e-02   1.1764706e-02   1.4925373e-02   5.6338028e-02   1.6129032e-02   1.7543860e-02   7.4074074e-02   0.0000000e+00   0.0000000e+00   1.9607843e-02
   2.8873917e-03   5.8027079e-03   9.9009901e-04   9.7719870e-03   0.0000000e+00   4.4378698e-03   6.0422961e-03   8.6004691e-03   0.0000000e+00   9.8328417e-04   4.9212598e-03   2.9268293e-03   1.0000000e+00   3.7878788e-03   5.8593750e-03   9.9206349e-04   4.0000000e-03   3.6630037e-03   1.0587103e-02   8.4961767e-04   6.1946903e-03   0.0000000e+00   9.9800399e-03   6.6921606e-03   4.8496605e-03   2.9296875e-03   0.0000000e+00   0.0000000e+00   4.0322581e-03   6.0301508e-03   0.0000000e+00   4.9701789e-03   0.0000000e+00   6.0120240e-03   6.8359375e-03   4.9067713e-03   7.9601990e-03   9.6432015e-04   0.0000000e+00   0.0000000e+00   9.6061479e-04   4.8971596e-03   5.0100200e-03   9.6432015e-03   4.7125353e-03   1.9065777e-03   2.0020020e-03   4.9800797e-03   3.8131554e-03   3.7629351e-03   3.0303030e-03   8.2850041e-04   6.9513406e-03   0.0000000e+00   4.8979592e-03   0.0000000e+00   9.3984962e-04   0.0000000e+00   4.8590865e-03   1.9361084e-02   1.9646365e-03   0.0000000e+00   0.0000000e+00   3.0303030e-03   1.9138756e-03   0.0000000e+00   9.5510984e-04   1.8993352e-03   9.2592593e-04   7.5566751e-03   4.9900200e-03   1.9607843e-03   2.7124774e-03   5.9405941e-03   9.0334237e-03   9.5057034e-04   0.0000000e+00   3.0303030e-03   2.9154519e-03   9.7847358e-04   0.0000000e+00   0.0000000e+00   5.8823529e-03   9.0090090e-03   0.0000000e+00   0.0000000e+00   1.8779343e-03   0.0000000e+00   2.9880478e-03   0.0000000e+00   1.1026293e-02   4.8262548e-03   9.8425197e-04   0.0000000e+00   0.0000000e+00   2.8037383e-03   0.0000000e+00   6.2434964e-03   3.9138943e-03   0.0000000e+00   7.9129575e-03   0.0000000e+00   4.0080160e-03   9.4966762e-04   3.0000000e-03   9.1996320e-04   0.0000000e+00   9.9304866e-04   2.0060181e-03   9.7465887e-04   4.8685492e-03   2.9182879e-03   0.0000000e+00   5.6232427e-03   9.7087379e-04   1.0644589e-02   5.8708415e-03   3.3400134e-03   1.1246485e-02   3.2467532e-03   3.7629351e-03   1.9417476e-03   0.0000000e+00   4.8496605e-03   0.0000000e+00   1.9607843e-03   8.8731145e-04   0.0000000e+00   1.9588639e-03   1.4224751e-02   4.6904315e-03   1.1594203e-02   5.7471264e-03   9.6432015e-04   9.8135427e-04   9.7465887e-04   9.8619329e-04   1.8761726e-03   6.9790628e-03   0.0000000e+00   0.0000000e+00   2.9970030e-03
   2.5210084e-02   3.4482759e-02   1.1111111e-02   2.5641026e-02   0.0000000e+00   6.8965517e-03   5.3333333e-02   8.1743869e-03   0.0000000e+00   0.0000000e+00   4.1237113e-02   1.8867925e-02   3.7878788e-03   1.0000000e+00   2.8037383e-02   0.0000000e+00   2.4390244e-02   1.7341040e-02   1.5625000e-02   3.8910506e-03   0.0000000e+00   0.0000000e+00   3.3707865e-02   3.1007752e-02   2.3404255e-01   0.0000000e+00   0.0000000e+00   0.0000000e+00   0.0000000e+00   3.8461538e-02   0.0000000e+00   3.4090909e-02   0.0000000e+00   1.2048193e-02   1.8348624e-02   4.0000000e-02   1.0869565e-02   0.0000000e+00   0.0000000e+00   0.0000000e+00   0.0000000e+00   2.9126214e-02   3.7500000e-02   3.2520325e-02   6.8965517e-03   0.0000000e+00   0.0000000e+00   3.4883721e-02   1.5267176e-02   1.3793103e-02   4.2857143e-02   6.9930070e-03   6.8181818e-02   0.0000000e+00   1.3029316e-02   0.0000000e+00   2.1126761e-02   0.0000000e+00   0.0000000e+00   2.3076923e-02   0.0000000e+00   0.0000000e+00   2.2222222e-02   4.2857143e-02   7.9365079e-03   0.0000000e+00   2.4000000e-02   7.4626866e-03   6.2500000e-03   3.5842294e-03   2.3529412e-02   2.0000000e-02   1.6129032e-02   5.4945055e-02   4.7872340e-02   7.5757576e-03   0.0000000e+00   4.2857143e-02   2.7522936e-02   0.0000000e+00   0.0000000e+00   0.0000000e+00   2.9126214e-02   2.3255814e-02   0.0000000e+00   0.0000000e+00   6.8493151e-03   0.0000000e+00   0.0000000e+00   0.0000000e+00   1.8726592e-02   3.4188034e-02   1.0416667e-02   0.0000000e+00   0.0000000e+00   1.3245033e-02   0.0000000e+00   2.1148036e-02   1.9230769e-02   0.0000000e+00   2.0618557e-02   0.0000000e+00   1.2345679e-02   7.5187970e-03   6.4102564e-02   5.9880240e-03   0.0000000e+00   1.1494253e-02   3.9473684e-02   9.4339623e-03   3.7037037e-02   0.0000000e+00   0.0000000e+00   2.0000000e-02   0.0000000e+00   3.8167939e-03   2.8571429e-02   1.7211704e-03   1.2738854e-02   3.1746032e-03   2.0833333e-02   0.0000000e+00   0.0000000e+00   3.5714286e-02   0.0000000e+00   2.0000000e-02   0.0000000e+00   0.0000000e+00   0.0000000e+00   2.0161290e-02   2.0270270e-02   4.9586777e-02   1.5625000e-02   8.5470085e-03   0.0000000e+00   9.4339623e-03   1.0638298e-02   6.8027211e-03   1.1235955e-02   0.0000000e+00   0.0000000e+00   1.2048193e-02
   3.3707865e-02   5.8823529e-02   5.1724138e-02   2.1126761e-02   1.8867925e-02   7.4074074e-03   1.1363636e-01   1.1904762e-02   0.0000000e+00   0.0000000e+00   1.0937500e-01   1.2987013e-02   5.8593750e-03   2.8037383e-02   1.0000000e+00   3.5087719e-02   5.8823529e-02   2.0979021e-02   6.3829787e-02   2.2421525e-02   0.0000000e+00   0.0000000e+00   1.0714286e-01   7.2916667e-02   3.6144578e-02   2.6666667e-02   1.9801980e-02   0.0000000e+00   0.0000000e+00   1.0869565e-01   3.3898305e-02   8.9285714e-02   0.0000000e+00   5.8823529e-02   8.0000000e-02   7.2463768e-02   3.2786885e-02   0.0000000e+00   0.0000000e+00   0.0000000e+00   2.2222222e-02   5.5555556e-02   1.0416667e-01   4.3010753e-02   2.6548673e-02   2.0202020e-02   0.0000000e+00   9.2592593e-02   6.1855670e-02   3.5398230e-02   7.5000000e-02   0.0000000e+00   8.4745763e-02   0.0000000e+00   2.5547445e-02   3.2258065e-02   2.6785714e-02   0.0000000e+00   2.4390244e-02   1.9801980e-02   0.0000000e+00   0.0000000e+00   3.3333333e-02   7.5000000e-02   3.1914894e-02   0.0000000e+00   0.0000000e+00   6.0606061e-02   7.6923077e-03   3.3057851e-02   9.6153846e-02   1.4084507e-02   3.2467532e-02   1.1864407e-01   2.4539877e-02   9.8039216e-03   2.6315789e-02   7.5000000e-02   3.7974684e-02   2.8169014e-02   0.0000000e+00   0.0000000e+00   1.0144928e-01   9.4339623e-02   0.0000000e+00   0.0000000e+00   0.0000000e+00   0.0000000e+00   3.6363636e-02   0.0000000e+00   2.9787234e-02   5.8139535e-02   1.5151515e-02   3.5087719e-02   0.0000000e+00   8.1967213e-03   0.0000000e+00   7.1647902e-03   7.0422535e-02   0.0000000e+00   7.8125000e-02   0.0000000e+00   1.9607843e-02   0.0000000e+00   6.0000000e-02   3.7593985e-02   0.0000000e+00   3.5714286e-02   2.0833333e-02   1.3157895e-02   6.4935065e-02   0.0000000e+00   0.0000000e+00   4.8192771e-01   0.0000000e+00   2.6420079e-03   6.8493151e-02   3.6363636e-03   2.3809524e-02   1.0600707e-02   2.6315789e-02   0.0000000e+00   0.0000000e+00   7.5000000e-02   0.0000000e+00   1.4084507e-02   0.0000000e+00   0.0000000e+00   2.8169014e-02   3.0303030e-02   2.5423729e-02   5.4347826e-02   3.0927835e-02   3.5294118e-02   2.9411765e-02   0.0000000e+00   1.5625000e-02   2.6086957e-02   3.4482759e-02   0.0000000e+00   0.0000000e+00   3.8461538e-02
   0.0000000e+00   0.0000000e+00   5.2631579e-02   1.1278195e-02   2.3529412e-02   2.5906736e-03   0.0000000e+00   9.4936709e-03   0.0000000e+00   2.1739130e-02   2.0408163e-02   1.7857143e-02   9.9206349e-04   0.0000000e+00   3.5087719e-02   1.0000000e+00   0.0000000e+00   8.0645161e-03   2.5974026e-02   9.7560976e-03   0.0000000e+00   0.0000000e+00   7.8947368e-02   1.2345679e-02   1.5625000e-02   1.8181818e-02   2.5000000e-02   2.6923077e-01   4.1666667e-02   1.1111111e-01   5.2631579e-02   0.0000000e+00   0.0000000e+00   0.0000000e+00   3.4482759e-02   6.0000000e-02   0.0000000e+00   1.3559322e-01   0.0000000e+00   0.0000000e+00   9.2307692e-02   3.7735849e-02   0.0000000e+00   0.0000000e+00   0.0000000e+00   0.0000000e+00   0.0000000e+00   0.0000000e+00   2.5000000e-02   0.0000000e+00   0.0000000e+00   4.2372881e-03   2.3809524e-02   0.0000000e+00   2.7667984e-02   4.8780488e-02   2.1739130e-02   0.0000000e+00   0.0000000e+00   1.2345679e-02   0.0000000e+00   0.0000000e+00   5.1282051e-02   0.0000000e+00   4.1095890e-02   0.0000000e+00   0.0000000e+00   0.0000000e+00   0.0000000e+00   8.8105727e-03   9.0909091e-02   0.0000000e+00   1.4705882e-02   7.1428571e-02   6.8965517e-03   0.0000000e+00   9.6153846e-02   0.0000000e+00   0.0000000e+00   2.3809524e-01   0.0000000e+00   0.0000000e+00   5.7692308e-02   8.8235294e-02   0.0000000e+00   0.0000000e+00   1.0526316e-02   0.0000000e+00   2.8571429e-02   0.0000000e+00   1.3761468e-02   4.4776119e-02   0.0000000e+00   5.5555556e-02   0.0000000e+00   9.9009901e-03   0.0000000e+00   3.1250000e-03   3.7735849e-02   0.0000000e+00   4.3478261e-02   0.0000000e+00   0.0000000e+00   0.0000000e+00   0.0000000e+00   1.7391304e-02   5.0000000e-02   5.7142857e-02   3.7037037e-02   5.6603774e-02   5.1724138e-02   1.6949153e-02   0.0000000e+00   2.0000000e-02   1.6949153e-02   0.0000000e+00   1.7857143e-02   1.8867925e-03   0.0000000e+00   2.3166023e-02   1.0526316e-02   0.0000000e+00   0.0000000e+00   4.8387097e-02   7.5000000e-02   0.0000000e+00   6.4102564e-03   0.0000000e+00   0.0000000e+00   6.6371681e-03   0.0000000e+00   4.1095890e-02   1.2820513e-02   3.0769231e-02   6.5217391e-02   0.0000000e+00   0.0000000e+00   1.0416667e-02   0.0000000e+00   0.0000000e+00   0.0000000e+00   0.0000000e+00
   1.5384615e-02   6.6666667e-02   2.9411765e-02   7.6335878e-03   0.0000000e+00   1.5957447e-02   2.1052632e-01   9.6463023e-03   0.0000000e+00   0.0000000e+00   1.2500000e-01   4.0000000e-02   4.0000000e-03   2.4390244e-02   5.8823529e-02   0.0000000e+00   1.0000000e+00   3.4482759e-02   7.2463768e-02   4.9751244e-03   0.0000000e+00   0.0000000e+00   9.0909091e-02   6.9444444e-02   3.4482759e-02   4.0816327e-02   0.0000000e+00   0.0000000e+00   0.0000000e+00   4.1666667e-02   0.0000000e+00   9.3750000e-02   0.0000000e+00   1.2000000e-01   3.7735849e-02   9.0909091e-02   8.8235294e-02   0.0000000e+00   0.0000000e+00   0.0000000e+00   0.0000000e+00   6.3829787e-02   1.2500000e-01   5.9701493e-02   7.1428571e-02   2.7397260e-02   0.0000000e+00   1.0000000e-01   2.6666667e-02   2.2471910e-02   6.2500000e-02   1.3100437e-02   1.1764706e-01   0.0000000e+00   1.5936255e-02   0.0000000e+00   1.1363636e-02   0.0000000e+00   3.5714286e-02   1.3157895e-02   0.0000000e+00   0.0000000e+00   0.0000000e+00   6.2500000e-02   1.4285714e-02   0.0000000e+00   1.4084507e-02   1.1267606e-01   9.6153846e-03   3.7037037e-02   8.2352941e-01   4.5454545e-02   7.5757576e-03   8.1081081e-02   2.1739130e-02   1.3157895e-02   0.0000000e+00   6.2500000e-02   1.8181818e-02   0.0000000e+00   0.0000000e+00   0.0000000e+00   6.3829787e-02   1.4285714e-01   0.0000000e+00   0.0000000e+00   1.1111111e-02   0.0000000e+00   6.8965517e-02   0.0000000e+00   1.4084507e-02   6.5573770e-02   2.5000000e-02   0.0000000e+00   0.0000000e+00   2.1052632e-02   0.0000000e+00   3.1413613e-03   8.6956522e-02   0.0000000e+00   1.0256410e-01   0.0000000e+00   4.0000000e-02   1.2987013e-02   1.2500000e-01   9.0090090e-03   0.0000000e+00   3.2258065e-02   4.5454545e-02   2.0000000e-02   7.6923077e-02   0.0000000e+00   0.0000000e+00   3.1914894e-02   0.0000000e+00   4.1095890e-03   6.1224490e-02   5.7361377e-03   1.9801980e-02   3.8610039e-03   7.0588235e-02   0.0000000e+00   0.0000000e+00   3.4482759e-02   0.0000000e+00   4.5454545e-02   0.0000000e+00   0.0000000e+00   4.4444444e-02   1.3513514e-02   6.7415730e-02   2.8985507e-02   2.7777778e-02   1.6393443e-02   0.0000000e+00   2.0000000e-02   2.6315789e-02   1.0989011e-02   9.6774194e-02   0.0000000e+00   0.0000000e+00   1.2000000e-01
