# Created by Octave 3.0.3, Sat May 21 22:03:55 2011 CEST <silvia@silvia-3.local>
# name: m
# type: scalar
81.05747126436782
