# Created by Octave 3.0.3, Sat May 21 19:31:13 2011 CEST <silvia@silvia-3.local>
# name: m
# type: scalar
68.56321839080461
