# Created by Octave 3.0.3, Sun May 08 22:56:55 2011 CEST <silvia@silvia-3.local>
# name: m
# type: scalar
82.37931034482759
