# Created by Octave 3.0.3, Mon May 09 08:27:40 2011 CEST <silvia@silvia-3.local>
# name: m
# type: scalar
88.55172413793103
