# Created by Octave 3.0.3, Sat May 21 19:42:12 2011 CEST <silvia@silvia-3.local>
# name: m
# type: scalar
88.5057471264368
