# Created by Octave 3.0.3, Sun May 22 10:24:39 2011 CEST <silvia@silvia-3.local>
# name: m
# type: scalar
69.9080459770115
