# Created by Octave 3.0.3, Sat May 21 22:03:55 2011 CEST <silvia@silvia-3.local>
# name: nbCorrect
# type: matrix
# rows: 1
# columns: 10
 76.66666666666667 76.66666666666667 96.66666666666667 83.33333333333333 83.33333333333333 76.66666666666667 79.31034482758621 86.20689655172414 79.31034482758621 72.41379310344827
