# Created by Octave 3.0.3, Sun May 08 22:59:14 2011 CEST <silvia@silvia-3.local>
# name: nbCorrect
# type: matrix
# rows: 1
# columns: 10
 66.66666666666667 66.66666666666667 66.66666666666667 70 70 70 68.96551724137932 68.96551724137932 68.96551724137932 68.96551724137932
