# Created by Octave 3.0.3, Mon May 09 08:08:47 2011 CEST <silvia@silvia-3.local>
# name: nbCorrect
# type: matrix
# rows: 1
# columns: 10
 90 86.66666666666667 93.33333333333333 90 76.66666666666667 90 96.55172413793103 93.10344827586206 82.75862068965517 89.65517241379311
