# Created by Octave 3.0.3, Sat May 21 19:47:21 2011 CEST <silvia@silvia-3.local>
# name: nbCorrect
# type: matrix
# rows: 1
# columns: 10
 70 70 66.66666666666667 70 73.33333333333333 66.66666666666667 68.96551724137932 68.96551724137932 65.51724137931035 65.51724137931035
