# Created by Octave 3.0.3, Sun May 08 22:56:55 2011 CEST <silvia@silvia-3.local>
# name: nbCorrect
# type: matrix
# rows: 1
# columns: 10
 93.33333333333333 76.66666666666667 90 83.33333333333333 83.33333333333333 83.33333333333333 79.31034482758621 82.75862068965517 72.41379310344827 79.31034482758621
