# Created by Octave 3.0.3, Sat May 21 19:42:12 2011 CEST <silvia@silvia-3.local>
# name: nbCorrect
# type: matrix
# rows: 1
# columns: 10
 86.66666666666667 83.33333333333333 90 93.33333333333333 86.66666666666667 93.33333333333333 89.65517241379311 89.65517241379311 86.20689655172414 86.20689655172414
