# Created by Octave 3.0.3, Sun May 22 10:24:39 2011 CEST <silvia@silvia-3.local>
# name: nbCorrect
# type: matrix
# rows: 1
# columns: 10
 70 76.66666666666667 66.66666666666667 73.33333333333333 73.33333333333333 66.66666666666667 72.41379310344827 68.96551724137932 65.51724137931035 65.51724137931035
