# Created by Octave 3.0.3, Mon May 09 08:27:40 2011 CEST <silvia@silvia-3.local>
# name: nbCorrect
# type: matrix
# rows: 1
# columns: 10
 86.66666666666667 83.33333333333333 93.33333333333333 90 76.66666666666667 90 96.55172413793103 96.55172413793103 82.75862068965517 89.65517241379311
