# Created by Octave 3.0.3, Fri May 06 20:34:56 2011 CEST <silvia@silvia-3.local>
# name: m
# type: scalar
100
